7.280362441707539166e+24
7.635698300348791658e+24
8.008250152493698798e+24
8.398842559254502564e+24
8.808338853921934117e+24
9.237642910504969950e+24
9.687700988759555371e+24
1.015950365868900518e+25
1.065408780758962238e+25
1.117253873280008399e+25
1.171599232341069018e+25
1.228563733427202224e+25
1.288271775573555677e+25
1.350853528264652668e+25
1.416445188619793101e+25
1.485189249233676500e+25
1.557234777050131774e+25
1.632737703654566008e+25
1.711861127378653504e+25
1.794775627617854736e+25
1.881659591769662342e+25
1.972699555206035633e+25
2.068090554700119934e+25
2.168036495730971207e+25
2.272750534095286382e+25
2.382455472257649198e+25
2.497384170872564394e+25
2.617779975913342638e+25
2.743897161841237457e+25
2.876001391246839608e+25
3.014370191392580063e+25
3.159293448078055883e+25
3.311073917244015112e+25
3.470027754720212836e+25
3.636485064509568701e+25
3.810790465987015086e+25
3.993303680372961064e+25
4.184400136819086289e+25
4.384471598421031647e+25
4.593926808441888736e+25
4.813192156999131899e+25
5.042712368428123677e+25
5.282951209493853664e+25
5.534392218574561141e+25
5.797539455885674067e+25
6.072918274753023730e+25
6.361076113877115917e+25
6.662583310454045876e+25
6.978033933938002916e+25
7.308046640137506537e+25
7.653265545236101496e+25
8.014361119219912428e+25
8.392031098071037583e+25
8.787001413952866360e+25
9.200027142470921521e+25
9.631893465930730577e+25
1.008341665134427214e+26
1.055544504175011649e+26
1.104886005920679424e+26
1.156457721760078198e+26
1.210354714317075060e+26
1.266675660039602675e+26
1.325522952061449915e+26
1.387002803044005990e+26
1.451225347672772524e+26
1.518304744448987328e+26
1.588359276379079834e+26
1.661511450126144284e+26
1.737888093143592261e+26
1.817620448267382022e+26
1.900844265193370040e+26
1.987699888215700765e+26
2.078332339546955958e+26
2.172891397481900302e+26
2.271531668605950424e+26
2.374412653182701555e+26
2.481698802786278457e+26
2.593559569170953185e+26
2.710169443293202398e+26
2.831707983320037096e+26
2.958359830372961155e+26
3.090314710666734820e+26
3.227767422609274129e+26
3.370917807331427695e+26
3.519970701014072207e+26
3.675135867275000715e+26
3.836627907768036245e+26
4.004666149036261482e+26
4.179474503543619202e+26
4.361281302692793289e+26
4.550319099514183702e+26
4.746824438590214888e+26
4.951037590653516891e+26
5.163202249173916087e+26
5.383565186124788177e+26
5.612375863994619456e+26
5.849886000992892724e+26
6.096349086277123090e+26
6.352019841920357980e+26
6.617153628231357729e+26
6.892005788943284464e+26
7.176830932700888780e+26
7.471882147204445392e+26
7.777410142309946876e+26
8.093662318347223494e+26
8.420881755901415310e+26
8.759306123308081212e+26
9.109166498153182192e+26
9.470686099134535289e+26
9.844078924753318516e+26
1.022954829544658558e+27
1.062728529597592576e+27
1.103746711513148909e+27
1.146025528012075392e+27
1.189579378338600411e+27
1.234420710003589263e+27
1.280559809460597575e+27
1.328004581646623864e+27
1.376760318389974680e+27
1.426829455767960514e+27
1.478211320588066273e+27
1.530901866269168585e+27
1.584893398514317059e+27
1.640174291294769704e+27
1.696728693806819915e+27
1.754536229218942590e+27
1.813571686198143096e+27
1.873804704390526935e+27
1.935199455233005195e+27
1.997714319690691844e+27
2.061301564747751965e+27
2.125907020727672368e+27
2.191469761781906895e+27
2.257921792163053777e+27
2.325187741186189425e+27
2.393184570083534019e+27
2.461821294262812373e+27
2.530998724795211990e+27
2.600609233271120716e+27
2.670536544478018234e+27
2.740655561657508685e+27
2.810832229395418322e+27
2.880923439471315207e+27
2.950776985245466696e+27
3.020231570374531225e+27
3.089116877822174178e+27
3.157253705250832964e+27
3.224454172940032135e+27
3.290522010361734500e+27
3.355252927444116320e+27
3.418435076358637300e+27
3.479849609361168750e+27
3.539271337791387243e+27
3.596469496776863760e+27
3.651208619486368789e+27
3.703249523922084809e+27
3.752350414222683202e+27
3.798268097265203673e+27
3.840759313995542643e+27
3.879582183389581815e+27
3.914497755246909512e+27
3.945271666160531729e+27
3.971675890995683274e+27
3.993490580070274497e+27
4.010505969983817077e+27
4.022524353712957300e+27
4.029362093231437373e+27
4.030851655545359173e+27
4.026843650730491538e+27
4.017208848352841413e+27
4.001840146628490634e+27
3.980654466880768838e+27
3.953594544366745173e+27
3.920630585429633427e+27
3.881761760267288487e+27
3.837017500453041479e+27
3.786458570767398840e+27
3.730177885952815661e+27
3.668301044734147975e+27
3.600986555882080182e+27
3.528425734257205545e+27
3.450842248647013922e+27
3.368491307780452862e+27
3.281658476121176979e+27
3.190658116837589738e+27
3.095831465624002509e+27
2.997544345694250868e+27
2.896184541140117853e+27
2.792158852791721299e+27
2.685889867557483304e+27
2.577812478779056617e+27
2.468370201217775946e+27
2.358011329712712870e+27
2.247184995128752280e+27
2.136337174788299478e+27
2.025906717000196674e+27
1.916321440454827120e+27
1.807994369057087940e+27
1.701320161176564519e+27
1.596671789306188643e+27
1.494397521776456405e+27
1.394818252560043322e+27
1.298225218454126342e+27
1.204878135208514581e+27
1.115003775691990366e+27
1.028795004180197571e+27
9.464102715685386950e+26
8.679735670216735768e+26
7.935748125368614638e+26
7.232706783770663981e+26
6.570857895591875620e+26
5.950142867742210939e+26
5.370216994419840376e+26
4.830470841947371949e+26
4.330053790258104020e+26
3.867899216643457084e+26
3.442750804301160175e+26
3.053189468195397869e+26
2.697660412684597822e+26
2.374499867848059212e+26
2.081961092721634553e+26
1.818239281799841078e+26
1.581495064138049601e+26
1.369876340150392257e+26
1.181538257779643111e+26
1.014661185322995596e+26
8.674665912576439601e+25
7.382307906509309725e+25
6.252965621748756195e+25
5.270826787283713530e+25
4.420914278503931380e+25
3.689142254157452648e+25
3.062354477120840209e+25
2.528346232537434891e+25
2.075871370815932751e+25
1.694636073829920400e+25
1.375280976252662062e+25
1.109353275903903831e+25
8.892704423964780307e+24
7.082770866648577231e+24
5.603964887906989581e+24
4.403782008403911281e+24
3.436430475190035898e+24
2.662267422441451632e+24
2.047232214406126975e+24
1.562286771464329186e+24
1.182871392312739454e+24
8.883832575004525944e+23
6.616834556806284381e+23
4.886370404197579610e+23
3.576893303601503027e+23
2.594804373719638270e+23
1.864988731142434844e+23
1.327740680965610055e+23
9.360675818769212454e+22
6.533546496392227403e+22
4.513672510131787740e+22
3.085631011784833683e+22
2.086841455258062186e+22
1.395966579096927024e+22
9.234805300887062315e+21
6.040988974962962334e+21
3.907831861825065452e+21
2.500557884212070842e+21
1.583887327623944864e+21
9.945851767603633848e+20
6.208858335399175782e+20
3.872916461180365701e+20
2.435046175794866749e+20
1.564864320304851845e+20
1.048481636446642668e+20
7.494672737898502554e+19
5.821114679906408858e+19
4.934023435242525491e+19
4.510731339898073907e+19
4.358058162227421184e+19
4.362312214449054515e+19
4.457774620568789811e+19
4.607180981196027494e+19
4.789848630726250496e+19
4.994585892901494784e+19
5.215535853278373478e+19
5.449786337178709197e+19
5.696022122114381414e+19
5.953779910621739418e+19
6.223044815927117414e+19
6.504036330903935386e+19
6.797097203158171648e+19
7.102636986461990912e+19
7.421103996287012045e+19
7.752971680568867226e+19
8.098732127645794304e+19
8.458893012497535795e+19
8.833976145159902003e+19
9.224516730733543424e+19
9.631062918300057600e+19
1.005417544158740972e+20
1.049442726003404145e+20
1.095240315712066355e+20
1.142869927413285683e+20
1.192392256651567104e+20
1.243869017360458220e+20
1.297362869376536576e+20
1.352937335727050424e+20
1.410656708915376947e+20
1.470585945400575427e+20
1.532790547439911567e+20
1.597336431428393042e+20
1.664289781839810724e+20
1.733716889842890834e+20
1.805683975637311160e+20
1.880256993531415101e+20
1.957501418757585961e+20
2.037482015006219633e+20
2.120262581644795249e+20
2.205905679579178598e+20
2.294472334716312945e+20
2.386021717989438587e+20
2.480610800926193091e+20
2.578293985761225933e+20
2.679122709133011517e+20
2.783145018452797358e+20
2.890405120096334316e+20
3.000942898647096361e+20
3.114793406518423060e+20
3.231986323394870641e+20
3.352545385071879127e+20
3.476487781435973304e+20
3.603823523508335411e+20
3.734554779697090396e+20
3.868675181641163735e+20
4.006169100311388488e+20
4.147010893342108549e+20
4.291164124920629166e+20
4.438580759946695803e+20
4.589200334605360169e+20
4.742949105971544064e+20
4.899739183780676895e+20
5.059467648067015148e+20
5.222015656979009372e+20
5.387247549749788672e+20
5.555009950494516838e+20
5.725130879272697856e+20
5.897418877642918461e+20
6.071662156787238830e+20
6.247627777146013614e+20
6.425060869428255130e+20
6.603683907792223601e+20
6.783196046942694277e+20
6.963272535850277929e+20
7.143564221753728696e+20
7.323697159035246346e+20
7.503272338448284385e+20
7.681865553017394954e+20
7.859027417678506885e+20
8.034283560372912783e+20
8.207135002828170854e+20
8.377058749591453696e+20
8.543508604040676639e+20
8.705916230005441167e+20
8.863692477262174618e+20
9.016228988506058260e+20
9.162900104357222810e+20
9.303065081548052890e+20
9.436070637572397466e+20
9.561253832741924372e+20
9.677945297756521759e+20
9.785472811504646226e+20
9.883165229870637384e+20
9.970356761776945889e+20
1.004639158359503143e+21
1.011062877733986238e+21
1.016244757182070391e+21
1.020125285913208685e+21
1.022648095164498313e+21
1.023760553702309364e+21
1.023414378090036986e+21
1.021566251879247249e+21
1.018178447076902437e+21
1.013219440452863263e+21
1.006664516502450733e+21
9.984963481875104399e+20
9.887055459765304689e+20
9.772911652061882614e+20
9.642611614315498701e+20
9.496327832364061819e+20
9.334328919736219075e+20
9.156981981171590103e+20
8.964754043577339740e+20
8.758212462819096658e+20
8.538024224501200323e+20
8.304954069436210872e+20
8.059861389820077015e+20
7.803695860127169249e+20
7.537491787260754657e+20
7.262361187249245389e+20
6.979485620401357455e+20
6.690106842835736330e+20
6.395516359129295749e+20
6.097043987793932452e+20
5.796045577691102577e+20
5.493890038527654625e+20
5.191945871402207150e+20
4.891567405236443546e+20
4.594080960943321252e+20
4.300771176706795110e+20
4.012867734070353592e+20
3.731532725171447398e+20
3.457848896041726771e+20
3.192808989232270541e+20
2.937306391149608960e+20
2.692127265625266586e+20
2.457944325851284439e+20
2.235312362563838280e+20
2.024665608114982420e+20
1.826316974905372836e+20
1.640459163738066780e+20
1.467167594318404157e+20
1.306405067722605036e+20
1.158028030556913500e+20
1.021794274056905851e+20
8.973718697412342579e+19
7.843491174999108813e+19
6.822452630089990963e+19
5.905217297362875187e+19
5.085936068592368845e+19
4.358411382018284749e+19
3.716209685498568704e+19
3.152769218754142618e+19
2.661501102861635994e+19
2.235882018672719872e+19
1.869537087907556557e+19
1.556311927831481344e+19
1.290333218655013069e+19
1.066057488133473485e+19
8.783081669869197312e+18
7.223012897336546304e+18
5.936604981426043904e+18
4.884222408169847808e+18
4.030322469569475072e+18
3.343344822991168000e+18
2.795538703924082688e+18
2.362740850022123008e+18
2.024116939765433856e+18
1.761878675700837888e+18
1.560987625401963008e+18
1.408855656334286592e+18
1.295050350007705600e+18
1.211012240380334592e+18
1.149789169438835328e+18
1.105791557403587968e+18
1.074571001982678528e+18
1.052623392623324544e+18
1.037216679659835904e+18
1.026242588777828224e+18
1.018090920044989952e+18
1.011544609119277440e+18
1.005693439151202688e+18
9.998641526023429120e+17
9.935646966246548480e+17
9.864404165830873600e+17
9.782401632931517440e+17
9.687904763339402240e+17
9.579762273396599040e+17
9.457263362140076800e+17
9.320033964603054080e+17
9.167962538154338560e+17
9.001147691102571520e+17
8.819861586678798080e+17
8.624524428329614080e+17
8.415686463426205440e+17
8.194014852990128640e+17
7.960283472266264320e+17
7.715364261088697600e+17
7.460219163761483520e+17
7.195892013198343680e+17
6.923499947416194560e+17
6.644224118374818560e+17
6.359299579759308800e+17
6.070004334157331200e+17
5.777647590463284480e+17
5.483557335863955200e+17
5.189067367943172480e+17
4.895503964141271680e+17
4.604172389785978240e+17
4.316343463034169600e+17
4.033240405787875200e+17
3.756026214040233600e+17
3.485791779181189760e+17
3.223544983525567360e+17
2.970200978798279680e+17
2.726573835729899520e+17
2.493369726669526080e+17
2.271181771813494400e+17
2.060486644020438080e+17
1.861642988226626880e+17
1.674891670276428800e+17
1.500357827780288960e+17
1.338054653721219040e+17
1.187888803276988960e+17
1.049667277033396160e+17
9.231056006631760000e+16
8.078370933481099200e+16
7.034229956445372800e+16
6.093632128498167200e+16
5.251074226580708800e+16
4.500662961678712000e+16
3.836225890066412000e+16
3.251418740512907200e+16
2.739827082836129600e+16
2.295060528007989200e+16
1.910837957955001200e+16
1.581062621649497000e+16
1.299886289585104400e+16
1.061762017551312400e+16
8.614854194561065000e+15
6.942246754607457000e+15
5.555397951188732000e+15
4.413919067743413000e+15
3.481435477157529000e+15
2.725510805891192500e+15
2.117504589873877500e+15
1.632376100982978250e+15
1.248446982029628000e+15
9.471348498834636250e+14
7.126691788342142500e+14
5.317996377297860000e+14
3.935057082176830000e+14
2.887149410604466875e+14
2.100356922267506875e+14
1.515086914253130938e+14
1.083803930865828125e+14
7.689979076570470312e+13
5.413927399610869531e+13
3.783919153237465625e+13
2.627506368437211719e+13
1.814585491724187109e+13
1.248136287255062891e+13
8.566581545776796875e+12
5.880830313449915039e+12
4.049480570803055664e+12
2.806231589145867188e+12
1.964062051739688721e+12
1.393191531818134521e+12
1.004608371929998657e+12
7.379422713813062744e+11
5.526704748025596924e+11
4.218384212978005371e+11
3.276448002385416870e+11
2.583854425995878906e+11
2.063705708487685852e+11
1.665272148375677795e+11
1.354755067582960205e+11
1.109269526427349701e+11
9.129759738320606995e+10
7.546207715896794128e+10
6.259842841291445160e+10
5.209037908779091644e+10
4.346548782045125580e+10
3.635535629870214081e+10
3.046932700484112549e+10
2.557642247814813232e+10
2.149238618590517044e+10
1.806997567086283112e+10
1.519142938546744347e+10
1.276247611196335983e+10
1.070750819274388885e+10
8.965678097575378418e+09
7.487752024100492477e+09
6.233593953421078682e+09
5.170175872230989456e+09
4.270024020895387173e+09
3.510021790587364674e+09
2.870499468641112328e+09
2.334550245034886360e+09
1.887520893151379824e+09
1.516634186158615112e+09
1.210708187817555666e+09
9.599448658309030533e+08
7.557668821402862072e+08
5.906868549600527287e+08
4.581978637413431406e+08
3.526775335892763138e+08
2.693007779552912116e+08
2.039583062274993062e+08
1.531794328340211511e+08
1.140586720569737405e+08
8.418617545972637832e+07
6.158236219905200601e+07
4.463718803853470087e+07
3.205446355609838292e+07
2.280151880856593698e+07
1.606436079188946262e+07
1.120831049801433086e+07
7.743957934602770954e+06
5.298148252263860777e+06
3.589616275862422772e+06
2.408821961772066075e+06
1.601504143736314960e+06
1.055460869620596059e+06
6.900769945273117628e+05
4.481483570755056571e+05
2.895917799960055272e+05
1.866767086950767261e+05
1.204636173216646130e+05
7.818324917760287644e+04
5.133700724524383986e+04
3.434082402013144019e+04
2.357173741061303735e+04
1.670784631084636931e+04
1.227839615045452774e+04
9.361822089732766472e+03
7.386205309484324061e+03
5.999412704368506638e+03
4.985845204393036511e+03
4.213834509208472809e+03
3.602857356712684577e+03
3.103355485005627088e+03
2.684448759432657880e+03
2.326518630760772794e+03
2.016757563425766193e+03
1.746505127734669031e+03
1.509651922498237582e+03
1.301679170358256670e+03
1.119076964161429714e+03
9.589893086711803107e+02
8.189963343481958873e+02
6.969804941009828099e+02
5.910447774500970581e+02
4.994633722197841621e+02
4.206525307577975923e+02
3.531538235269113102e+02
2.956247164353642916e+02
2.468331784755643810e+02
2.056541990762495402e+02
1.710668890776103694e+02
1.421513834351090679e+02
1.180851359483214225e+02
9.813844702514157348e+01
8.166922907652606511e+01
6.811711492549737557e+01
5.699707033212904861e+01
4.789269551735219466e+01
4.044940222863602486e+01
3.436763980354419346e+01
2.939632140114850856e+01
2.532657425483180802e+01
2.198590856396116067e+01
1.923287076998575174e+01
1.695222007870660264e+01
1.505064328241032889e+01
1.345300285210974067e+01
1.209909720071899208e+01
1.094089996437369194e+01
9.940236890491272348e+00
9.066854075002424906e+00
8.296829369725220005e+00
7.611279241059465406e+00
6.995315648454960566e+00
6.437211094009761325e+00
5.927734391584531082e+00
5.459624500902058308e+00
5.027174632315099423e+00
4.625903493955075163e+00
4.252294843693881887e+00
3.903590311341914365e+00
3.577623717519892388e+00
3.272687826910857023e+00
2.987426661822241591e+00
2.720748217114501433e+00
2.471753722948496268e+00
2.239680566174829579e+00
2.023856672441869620e+00
1.823664631976035455e+00
1.638514177465946409e+00
1.467821838431820680e+00
1.310996739480830842e+00
1.167431607778432578e+00
1.036498128029051280e+00
9.175458449178655052e-01
8.099038718505865431e-01
7.128847256108004071e-01
6.257896711317744165e-01
5.479150290374080745e-01
4.785589699099768723e-01
4.170283917996907008e-01
3.626455495255132000e-01
3.147541741015111860e-01
2.727248866417649187e-01
2.359597720967106793e-01
2.038960332005237963e-01
1.760086933944567111e-01
1.518123588338097241e-01
1.308620837234921452e-01
1.127534102076384187e-01
9.712167409671490503e-02
8.364068124206373855e-02
7.202086689302453215e-02
6.200705253444387804e-02
5.337591222924012446e-02
4.593325416738541778e-02
3.951121376619966263e-02
3.396544309647269583e-02
2.917236841773903494e-02
2.502657393464149255e-02
2.143835619843915616e-02
1.833148044309414540e-02
1.564115802499257968e-02
1.331225337569039678e-02
1.129771970899337043e-02
9.557255267407438817e-03
8.056166169161676008e-03
6.764417860150216677e-03
5.655854651601419612e-03
4.707565649842694773e-03
3.899375343464561976e-03
3.213437975000933266e-03
2.633916359150083406e-03
2.146727800789001699e-03
1.739342019075847947e-03
1.400618332901479562e-03
1.120671673572316363e-03
8.907591609755385366e-04
7.031809384689975814e-04
5.511906659705189792e-04
4.289125005063467518e-04
3.312625482794198314e-04
2.538736661561440816e-04
1.930231475576449341e-04
1.455632786604027246e-04
1.088550292249054416e-04
8.070528245146043483e-05
5.930804271957399441e-05
4.319001876550419047e-05
3.116088894399905875e-05
2.226843666917244409e-05
1.575861559078122802e-05
1.104047899112767680e-05
7.655795850498216750e-06
5.253083128947554943e-06
3.565713204374069284e-06
2.393707847426408493e-06
1.588804516851857445e-06
1.042374731092091002e-06
6.757846001371841765e-07
4.328106788147656971e-07
2.737564776732931122e-07
1.709528145052608134e-07
1.053656958622933814e-07
6.407609688842178451e-08
3.843494420206868455e-08
2.273244819575759439e-08
1.325283999527414005e-08
7.613145244914656605e-09
4.307822545101606093e-09
2.400117579921021782e-09
1.316215580403312161e-09
7.101928165087974271e-10
3.768870919535040017e-10
1.966341485194246154e-10
1.008189319417315732e-10
5.077842323816496222e-11
2.511217844205351178e-11
1.218897497552369495e-11
5.804068170204406346e-12
2.710069713537370739e-12
1.240241487686882259e-12
5.560322973401769301e-13
2.440881475101886436e-13
1.048638667930109751e-13
4.406681383043140867e-14
1.810391482231956215e-14
7.267266157351562169e-15
2.848813728975179713e-15
1.089938599762672945e-15
4.067516154820902126e-16
1.479733928913904508e-16
5.244405327458035246e-17
1.809637154055091673e-17
6.075566236266487234e-18
1.983317287320975653e-18
6.290868740099509077e-19
1.937480233369928604e-19
5.789747828582873497e-20
1.677479609351693521e-20
4.708704599912329576e-21
1.279544027870739235e-21
3.363357567508720360e-22
8.544772635243097548e-23
2.096400708045692715e-23
4.962743669280960391e-24
1.132559865566540980e-24
2.489434121909946095e-25
5.265489533522351911e-26
1.070690414422895954e-26
2.091000758401395310e-27
3.918114176187047610e-28
7.037028506030587572e-29
1.210142515009481994e-29
1.990458293598629130e-30
3.127964573852814997e-31
4.691090111891050720e-32
6.706375928992017020e-33
9.128319117102887696e-34
1.181562122306698806e-34
1.452600767181405337e-35
1.693978523551586593e-36
1.871440123710020982e-37
1.956010052460412569e-38
1.931523281058752387e-39
1.799511900984589412e-40
1.579475353911816002e-41
1.304177459702459747e-42
1.011516893237877739e-43
7.357890257074238498e-45
5.011781270681831052e-46
3.191448976249974922e-47
1.896802407581758284e-48
1.050409634985645593e-49
5.410581689947170810e-51
2.587652161828637367e-52
1.146974777720855996e-53
4.703033853919154412e-55
1.780529823829105724e-56
6.211805963102541387e-58
1.993030724079792594e-59
5.868762231146426553e-61
1.582715186419940170e-62
3.900748477084526309e-64
8.766466007878290628e-66
1.792469774658278526e-67
3.326788867844264652e-69
5.591338137663263173e-71
8.489251038617228057e-73
1.161465816374173573e-74
1.428305062262882602e-76
1.574635794291356779e-78
1.552113135822890687e-80
1.364149481867275408e-82
1.066051334191695114e-84
7.386256277561812682e-87
4.524002310570579784e-89
2.442105160723839429e-91
1.158265047370760859e-93
4.811492270076488201e-96
1.744908035678011618e-98
5.506104954580694698e-101
1.506671894486206958e-103
3.562723610540083436e-106
7.254121710294409000e-109
1.267181867838875230e-111
1.891985535563553512e-114
2.405221162069176649e-117
2.593244296492692603e-120
2.361751522900668723e-123
1.809404803991997327e-126
1.161215042887504206e-129
6.215623568313129980e-133
2.762648907190013404e-136
1.014991368668461448e-139
3.068125754756163923e-143
7.594290384181388681e-147
1.531732552823441152e-150
2.504880395244059052e-154
3.304249551190349041e-158
3.497514668350096569e-162
2.954679786627372502e-166
1.981215274388863955e-170
1.048506124649922423e-174
4.354277269989478940e-179
1.410565751744774663e-183
3.542959353954185880e-188
6.856990934421429092e-193
1.016081446932933686e-197
1.145292312894107114e-202
9.754232409350277864e-208
6.234244809644168770e-213
2.969210322537022962e-218
1.046266430106060804e-223
2.707630460667419738e-229
5.107467773393296349e-235
6.968419798726550518e-241
6.822391552927079251e-247
4.754335491283883657e-253
2.338756109827437996e-259
8.052390711235938689e-266
1.923632192349857539e-272
3.160068160798642698e-279
0.000000000000000000e+00
0.000000000000000000e+00
0.000000000000000000e+00
0.000000000000000000e+00
0.000000000000000000e+00
0.000000000000000000e+00
0.000000000000000000e+00
0.000000000000000000e+00
0.000000000000000000e+00
0.000000000000000000e+00
0.000000000000000000e+00
0.000000000000000000e+00
0.000000000000000000e+00
0.000000000000000000e+00
0.000000000000000000e+00
0.000000000000000000e+00
0.000000000000000000e+00
0.000000000000000000e+00
0.000000000000000000e+00
0.000000000000000000e+00
0.000000000000000000e+00
0.000000000000000000e+00
0.000000000000000000e+00
0.000000000000000000e+00
0.000000000000000000e+00
0.000000000000000000e+00
0.000000000000000000e+00
0.000000000000000000e+00
0.000000000000000000e+00
0.000000000000000000e+00
0.000000000000000000e+00
0.000000000000000000e+00
0.000000000000000000e+00
0.000000000000000000e+00
0.000000000000000000e+00
0.000000000000000000e+00
0.000000000000000000e+00
0.000000000000000000e+00
0.000000000000000000e+00
0.000000000000000000e+00
0.000000000000000000e+00
0.000000000000000000e+00
0.000000000000000000e+00
0.000000000000000000e+00
0.000000000000000000e+00
0.000000000000000000e+00
0.000000000000000000e+00
0.000000000000000000e+00
0.000000000000000000e+00
0.000000000000000000e+00
0.000000000000000000e+00
0.000000000000000000e+00
0.000000000000000000e+00
0.000000000000000000e+00
0.000000000000000000e+00
0.000000000000000000e+00
0.000000000000000000e+00
0.000000000000000000e+00
0.000000000000000000e+00
0.000000000000000000e+00
0.000000000000000000e+00
0.000000000000000000e+00
0.000000000000000000e+00
0.000000000000000000e+00
0.000000000000000000e+00
0.000000000000000000e+00
0.000000000000000000e+00
0.000000000000000000e+00
0.000000000000000000e+00
0.000000000000000000e+00
0.000000000000000000e+00
0.000000000000000000e+00
0.000000000000000000e+00
0.000000000000000000e+00
0.000000000000000000e+00
0.000000000000000000e+00
0.000000000000000000e+00
0.000000000000000000e+00
0.000000000000000000e+00
0.000000000000000000e+00
0.000000000000000000e+00
0.000000000000000000e+00
0.000000000000000000e+00
0.000000000000000000e+00
0.000000000000000000e+00
0.000000000000000000e+00
0.000000000000000000e+00
0.000000000000000000e+00
0.000000000000000000e+00
0.000000000000000000e+00
0.000000000000000000e+00
0.000000000000000000e+00
0.000000000000000000e+00
0.000000000000000000e+00
0.000000000000000000e+00
0.000000000000000000e+00
0.000000000000000000e+00
0.000000000000000000e+00
0.000000000000000000e+00
0.000000000000000000e+00
0.000000000000000000e+00
0.000000000000000000e+00
0.000000000000000000e+00
0.000000000000000000e+00
0.000000000000000000e+00
0.000000000000000000e+00
0.000000000000000000e+00
0.000000000000000000e+00
0.000000000000000000e+00
0.000000000000000000e+00
0.000000000000000000e+00
0.000000000000000000e+00
