-4.927308081496722991e+01
-4.907308081496722707e+01
-4.887308081496722423e+01
-4.867308081496722139e+01
-4.847308081496721854e+01
-4.827308081496721570e+01
-4.807308081496721286e+01
-4.787308081496721002e+01
-4.767308081496720717e+01
-4.747308081496720433e+01
-4.727308081496720149e+01
-4.707308081496719865e+01
-4.687308081496719581e+01
-4.667308081496719296e+01
-4.647308081496719012e+01
-4.627308081496718728e+01
-4.607308081496718444e+01
-4.587308081496718160e+01
-4.567308081496717875e+01
-4.547308081496717591e+01
-4.527308081496717307e+01
-4.507308081496717023e+01
-4.487308081496716738e+01
-4.467308081496716454e+01
-4.447308081496716170e+01
-4.427308081496715886e+01
-4.407308081496715602e+01
-4.387308081496715317e+01
-4.367308081496715033e+01
-4.347308081496714749e+01
-4.327308081496714465e+01
-4.307308081496714181e+01
-4.287308081496713896e+01
-4.267308081496713612e+01
-4.247308081496713328e+01
-4.227308081496713044e+01
-4.207308081496712759e+01
-4.187308081496712475e+01
-4.167308081496712191e+01
-4.147308081496711907e+01
-4.127308081496711623e+01
-4.107308081496711338e+01
-4.087308081496711054e+01
-4.067308081496710770e+01
-4.047308081496710486e+01
-4.027308081496710201e+01
-4.007308081496709917e+01
-3.987308081496709633e+01
-3.967308081496709349e+01
-3.947308081496709065e+01
-3.927308081496708780e+01
-3.907308081496708496e+01
-3.887308081496708212e+01
-3.867308081496707928e+01
-3.847308081496707644e+01
-3.827308081496707359e+01
-3.807308081496707075e+01
-3.787308081496706791e+01
-3.767308081496706507e+01
-3.747308081496706222e+01
-3.727308081496705938e+01
-3.707308081496705654e+01
-3.687308081496705370e+01
-3.667308081496705086e+01
-3.647308081496704801e+01
-3.627308081496704517e+01
-3.607308081496704233e+01
-3.587308081496703949e+01
-3.567308081496703664e+01
-3.547308081496703380e+01
-3.527308081496703096e+01
-3.507308081496702812e+01
-3.487308081496702528e+01
-3.467308081496702243e+01
-3.447308081496701959e+01
-3.427308081496701675e+01
-3.407308081496701391e+01
-3.387308081496701107e+01
-3.367308081496700822e+01
-3.347308081496700538e+01
-3.327308081496700254e+01
-3.307308081496699970e+01
-3.287308081496699685e+01
-3.267308081496699401e+01
-3.247308081496699117e+01
-3.227308081496698833e+01
-3.207308081496698549e+01
-3.187308081496698264e+01
-3.167308081496697980e+01
-3.147308081496697696e+01
-3.127308081496697412e+01
-3.107308081496697127e+01
-3.087308081496696843e+01
-3.067308081496696559e+01
-3.047308081496696275e+01
-3.027308081496695991e+01
-3.007308081496695706e+01
-2.987308081496695422e+01
-2.967308081496695138e+01
-2.947308081496694854e+01
-2.927308081496694570e+01
-2.907308081496694285e+01
-2.887308081496694001e+01
-2.867308081496693717e+01
-2.847308081496693433e+01
-2.827308081496693148e+01
-2.807308081496692864e+01
-2.787308081496692580e+01
-2.767308081496692296e+01
-2.747308081496692012e+01
-2.727308081496691727e+01
-2.707308081496691443e+01
-2.687308081496691159e+01
-2.667308081496690875e+01
-2.647308081496690590e+01
-2.627308081496690306e+01
-2.607308081496690022e+01
-2.587308081496689738e+01
-2.567308081496689454e+01
-2.547308081496689169e+01
-2.527308081496688885e+01
-2.507308081496688601e+01
-2.487308081496688317e+01
-2.467308081496688033e+01
-2.447308081496687748e+01
-2.427308081496687464e+01
-2.407308081496687180e+01
-2.387308081496686896e+01
-2.367308081496686611e+01
-2.347308081496686327e+01
-2.327308081496686043e+01
-2.302599999999999980e+01
-2.280799999999999983e+01
-2.259100000000000108e+01
-2.237300000000000111e+01
-2.215599999999999881e+01
-2.193799999999999883e+01
-2.171999999999999886e+01
-2.150300000000000011e+01
-2.128500000000000014e+01
-2.106800000000000139e+01
-2.085000000000000142e+01
-2.063299999999999912e+01
-2.041499999999999915e+01
-2.019699999999999918e+01
-1.998000000000000043e+01
-1.976200000000000045e+01
-1.954500000000000171e+01
-1.932700000000000173e+01
-1.910999999999999943e+01
-1.889199999999999946e+01
-1.867500000000000071e+01
-1.845700000000000074e+01
-1.823900000000000077e+01
-1.802199999999999847e+01
-1.780399999999999849e+01
-1.758699999999999974e+01
-1.736899999999999977e+01
-1.715200000000000102e+01
-1.693400000000000105e+01
-1.671600000000000108e+01
-1.649899999999999878e+01
-1.628099999999999881e+01
-1.606400000000000006e+01
-1.584600000000000009e+01
-1.562899999999999956e+01
-1.541099999999999959e+01
-1.519299999999999962e+01
-1.497600000000000087e+01
-1.475799999999999912e+01
-1.454100000000000037e+01
-1.432300000000000040e+01
-1.410599999999999987e+01
-1.388799999999999990e+01
-1.366999999999999993e+01
-1.345299999999999940e+01
-1.323499999999999943e+01
-1.301800000000000068e+01
-1.280000000000000071e+01
-1.258300000000000018e+01
-1.236500000000000021e+01
-1.214700000000000024e+01
-1.192999999999999972e+01
-1.171199999999999974e+01
-1.149499999999999922e+01
-1.127699999999999925e+01
-1.106000000000000050e+01
-1.084200000000000053e+01
-1.062500000000000000e+01
-1.040700000000000003e+01
-1.018900000000000006e+01
-9.971799999999999997e+00
-9.754300000000000637e+00
-9.536699999999999733e+00
-9.319100000000000605e+00
-9.101599999999999469e+00
-8.884000000000000341e+00
-8.666399999999999437e+00
-8.448900000000000077e+00
-8.231299999999999173e+00
-8.013700000000000045e+00
-7.796199999999999797e+00
-7.578599999999999781e+00
-7.360999999999999766e+00
-7.143500000000000405e+00
-6.925900000000000389e+00
-6.708300000000000374e+00
-6.490800000000000125e+00
-6.273200000000000109e+00
-6.055600000000000094e+00
-5.838099999999999845e+00
-5.620499999999999829e+00
-5.402899999999999814e+00
-5.185299999999999798e+00
-4.967800000000000438e+00
-4.750200000000000422e+00
-4.532600000000000406e+00
-4.315100000000000158e+00
-4.097500000000000142e+00
-3.879900000000000126e+00
-3.662399999999999878e+00
-3.444799999999999862e+00
-3.227199999999999847e+00
-3.009700000000000042e+00
-2.792100000000000026e+00
-2.574500000000000011e+00
-2.357000000000000206e+00
-2.139400000000000190e+00
-1.921799999999999953e+00
-1.704299999999999926e+00
-1.486699999999999910e+00
-1.269099999999999895e+00
-1.051600000000000090e+00
-8.340100000000000291e-01
-6.164399999999999880e-01
-3.988700000000000023e-01
-1.813099999999999989e-01
3.626100000000000156e-02
2.538300000000000001e-01
4.713999999999999857e-01
6.889600000000000168e-01
9.065299999999999470e-01
1.124100000000000099e+00
1.341699999999999893e+00
1.559199999999999919e+00
1.776799999999999935e+00
1.994399999999999951e+00
2.211899999999999977e+00
2.429499999999999993e+00
2.647100000000000009e+00
2.864599999999999813e+00
3.082199999999999829e+00
3.299799999999999844e+00
3.517300000000000093e+00
3.734900000000000109e+00
3.952500000000000124e+00
4.169999999999999929e+00
4.387599999999999945e+00
4.605199999999999960e+00
