-26.212
-24.971
-23.633
-22.656
-22.058
-21.848
-21.857
-21.936
-22.012
-22.067
-22.088
-22.072
-22.022
-21.947
-21.854
-21.75
-21.648
-21.553
-21.47
-21.408
-21.379
-21.383
-21.395
-21.392
-21.376
-21.363
-21.354
-21.35
-21.374
-21.451
-21.569
-21.676
-21.742
-21.777
-21.799
-21.83
-21.87
-21.907
-21.921
-21.921
-21.914
-21.903
-21.893
-21.893
-21.925
-22
-22.098
-22.193
-22.271
-22.339
-22.401
-22.45
-22.482
-22.5
-22.511
-22.517
-22.517
-22.513
-22.506
-22.502
-22.503
-22.519
-22.548
-22.588
-22.627
-22.656
-22.676
-22.684
-22.686
-22.682
-22.674
-22.662
-22.646
-22.629
-22.611
-22.592
-22.573
-22.553
-22.533
-22.514
-22.494
