1.516742175355737326e+23
1.590770479239331483e+23
1.668385448436187026e+23
1.749758866511354701e+23
1.835070594567069384e+23
1.924508939688535183e+23
2.018271039324907257e+23
2.116563262226875967e+23
2.219601626581171217e+23
2.327612236000017273e+23
2.440831734043893563e+23
2.559507777973337855e+23
2.683899532444907549e+23
2.814278183884692946e+23
2.950927476291235626e+23
3.094144269236825594e+23
3.244239118854440972e+23
3.401536882613678737e+23
3.566377348705527687e+23
3.739115890870530699e+23
3.920124149520129432e+23
4.109790740012574012e+23
4.308521988958583196e+23
4.516742699439523124e+23
4.734896946031846406e+23
4.963448900536769163e+23
5.202883689317842488e+23
5.453708283152796714e+23
5.716452420502578035e+23
5.991669565097582516e+23
6.279937898734541351e+23
6.581861350162616424e+23
6.898070660925030589e+23
7.229224489000443409e+23
7.576010551061600566e+23
7.939146804139614315e+23
8.319382667443668884e+23
8.717500285039763102e+23
9.134315830043815036e+23
9.570680850920600639e+23
1.002748366041485723e+24
1.050565076755859099e+24
1.100614835311219424e+24
1.152998378869700193e+24
1.207820719976182008e+24
1.265191307240213188e+24
1.325224190391065816e+24
1.388038189677926045e+24
1.453757069570417185e+24
1.522509716695313862e+24
1.594430321924187722e+24
1.669658566504148244e+24
1.748339812098132830e+24
1.830625294573513646e+24
1.916672321348108561e+24
2.006644472068902025e+24
2.100711802363389850e+24
2.199051050364607423e+24
2.301845845668081955e+24
2.409286920333496246e+24
2.521572321493906375e+24
2.638907625082505572e+24
2.761506150128020298e+24
2.889589173008345812e+24
3.023386140984942759e+24
3.163134884268723241e+24
3.309081825789749653e+24
3.461482187762800412e+24
3.620600194049150544e+24
3.786709267223712545e+24
3.960092219152854250e+24
4.141041433782709926e+24
4.329859040722824555e+24
4.526857078087291939e+24
4.732357642929063204e+24
4.946693027463960858e+24
5.170205839138079761e+24
5.403249102439485444e+24
5.646186340194171662e+24
5.899391631916743591e+24
6.163249646610335740e+24
6.438155647222363493e+24
6.724515463769320386e+24
7.022745431940474006e+24
7.333272293779316740e+24
7.656533056822918156e+24
7.992974807850075510e+24
8.343054477158877730e+24
8.707238549049205955e+24
9.086002713943318995e+24
9.479831457321215330e+24
9.889217580396279585e+24
1.031466164719482614e+25
1.075667135244565851e+25
1.121576080442664132e+25
1.169244971665545648e+25
1.218726250206852579e+25
1.270072726307733977e+25
1.323337467066741174e+25
1.378573672548199527e+25
1.435834539363184263e+25
1.495173110979351686e+25
1.556642114000925980e+25
1.620293779647905528e+25
1.686179649655671561e+25
1.754350365812794785e+25
1.824855442355850252e+25
1.897743020448579552e+25
1.973059603986361232e+25
2.050849775990274691e+25
2.131155894884705042e+25
2.214017769994984390e+25
2.299472315652393273e+25
2.387553183358490257e+25
2.478290371538750569e+25
2.571709812507477631e+25
2.667832936376244805e+25
2.766676211763799716e+25
2.868250663312447250e+25
2.972561366183251071e+25
3.079606917891804591e+25
3.189378888060767886e+25
3.301861246904826921e+25
3.417029773530770217e+25
3.534851445430874823e+25
3.655283810872797062e+25
3.778274346246131165e+25
3.903759800813597494e+25
4.031665531735426917e+25
4.161904832688941341e+25
4.294378259891149641e+25
4.428972959849317146e+25
4.565562003712305458e+25
4.704003733673028701e+25
4.844141127471227396e+25
4.985801187674028919e+25
5.128794363047525205e+25
5.272914009990024694e+25
5.417935902648167586e+25
5.563617800995871034e+25
5.709699086786475855e+25
5.855900477907121219e+25
6.001923832231906395e+25
6.147452052594722283e+25
6.292149104946939479e+25
6.435660162129528964e+25
6.577611885939235056e+25
6.717612860291733043e+25
6.855254188253613541e+25
6.990110265508575667e+25
7.121739742413827708e+25
7.249686686169101276e+25
7.373481953732056185e+25
7.492644784951799214e+25
7.606684623929934977e+25
7.715103174837676113e+25
7.817396696297255526e+25
7.913058535969173746e+25
8.001581904157379360e+25
8.082462882061628781e+25
8.155203656764394244e+25
8.219315971167773290e+25
8.274324772907672343e+25
8.319772041813070724e+25
8.355220770799618911e+25
8.380259070235327708e+25
8.394504360898827860e+25
8.397607615719497131e+25
8.389257605688522892e+25
8.369185100735085132e+25
8.337166972142688820e+25
8.293030139334933934e+25
8.236655300764051298e+25
8.167980386311735161e+25
8.087003667223517109e+25
7.993786459277169175e+25
7.888455355765413678e+25
7.771203929068364815e+25
7.642293843196141329e+25
7.502055324754333427e+25
7.350886946369178220e+25
7.189254684681278431e+25
7.017690224542610128e+25
6.836788491919118421e+25
6.647204410078311381e+25
6.449648886716671894e+25
6.244884053529689309e+25
6.033717794041912194e+25
5.816997609982752706e+25
5.595603890744756310e+25
5.370442664123034046e+25
5.142437919203699601e+25
4.912523603568151527e+25
4.681635406518233917e+25
4.450702447475623912e+25
4.220638993750409165e+25
3.992336334280889834e+25
3.766654935535599732e+25
3.544417002451175939e+25
3.326399561054559530e+25
3.113328170367617224e+25
2.905871359500090255e+25
2.704635871779429592e+25
2.510162781684405233e+25
2.322924532691646597e+25
2.143322925375411321e+25
1.971688065767788805e+25
1.808278264628486475e+25
1.653280859451794573e+25
1.506813913285554925e+25
1.368928728248307421e+25
1.239613097446293802e+25
1.118795207170800078e+25
1.006348092072369085e+25
9.020945396371049327e+24
8.058123368007201542e+24
7.172397508960749649e+24
6.360811392073744844e+24
5.620125859759578080e+24
4.946874724683456333e+24
4.337418943170071627e+24
3.787998503749668913e+24
3.294781383620936310e+24
2.853909041979983510e+24
2.461538037040922969e+24
2.113877469422907313e+24
1.807222065120091405e+24
1.537980813856106103e+24
1.302701171197657362e+24
1.098088914017440229e+24
9.210238080216523709e+23
7.685713029494692569e+23
6.379905160668416206e+23
5.267387984452988908e+23
4.324732022533192784e+23
3.530491820479000609e+23
2.865168700526379296e+23
2.311152658133132981e+23
1.852646754992662564e+23
1.475577263885120145e+23
1.167492684980622773e+23
9.174545850841480718e+22
7.159230156645907562e+22
5.546390463419690621e+22
4.265067113346097585e+22
3.254764107217352471e+22
2.464315400651540529e+22
1.850798453125942765e+22
1.378507199334642509e+22
1.017993834207829085e+22
7.451861049169797972e+21
5.405842445249246396e+21
3.885393189880072241e+21
2.766126418678354280e+21
1.950140795576919261e+21
1.361155520081713955e+21
9.403484396107890688e+20
6.428397941218402632e+20
4.347586365120962888e+20
2.908263706451931300e+20
1.923917771018137764e+20
1.258539369783950377e+20
8.141316378802218598e+19
5.209495592108480922e+19
3.299765265883218330e+19
2.072052451584090112e+19
1.293512153208161485e+19
8.068575960792428544e+18
5.073012866239305728e+18
3.260134000635107840e+18
2.184336742597172224e+18
1.561390153728854528e+18
1.212732224980501760e+18
1.027921549008859392e+18
9.397356958120986880e+17
9.079287837973793280e+17
9.088150446768862720e+17
9.287030459518311680e+17
9.598293710825057280e+17
9.978851314013021440e+17
1.040538727687811328e+18
1.086569969432994432e+18
1.135372153578897664e+18
1.186671275440496128e+18
1.240370814712862208e+18
1.296467669984816128e+18
1.355007568938319872e+18
1.416061917324619008e+18
1.479716038846247936e+18
1.546063332559794176e+18
1.615202433451847168e+18
1.687235859926206976e+18
1.762269377603653120e+18
1.840411696908312832e+18
1.921774318902821376e+18
2.006471441312512000e+18
2.094619883664043520e+18
2.186339012507091968e+18
2.281750657733471488e+18
2.380979015444344832e+18
2.484150534690764800e+18
2.591393786167621120e+18
2.702839311201117696e+18
2.818619449431354880e+18
2.938868143573701632e+18
3.063720719584531968e+18
3.193313640499815424e+18
3.327784232142485504e+18
3.467270378832939008e+18
3.611910187172688896e+18
3.761841615911064576e+18
3.917202069857114624e+18
4.078127955744970752e+18
4.244754197929624064e+18
4.417213711759989760e+18
4.595636832456622080e+18
4.780150697325651968e+18
4.970878579144663040e+18
5.167939168596235264e+18
5.371445803669220352e+18
5.581505644027107328e+18
5.798218788443327488e+18
6.021677333534029824e+18
6.251964372181450752e+18
6.489152930246714368e+18
6.733304840405980160e+18
6.984469552233080832e+18
7.242682877991610368e+18
7.507965673975698432e+18
7.780322457702270976e+18
8.059739961752424448e+18
8.346185625648726016e+18
8.639606027796059136e+18
8.939925260251310080e+18
9.247043249888948224e+18
9.560834030427832320e+18
9.881143970774048768e+18
1.020778996620974285e+19
1.054055760013961421e+19
1.087919928537293619e+19
1.122343239531205837e+19
1.157293739686357606e+19
1.192735599848478720e+19
1.228628932842274611e+19
1.264929615997341286e+19
1.301589120238752768e+19
1.338554347797553152e+19
1.375767480790046515e+19
1.413165843113061171e+19
1.450681778302141235e+19
1.488242546198693478e+19
1.525770241465676186e+19
1.563181737176725914e+19
1.600388656878623949e+19
1.637297378683022131e+19
1.673809075077690163e+19
1.709819792255868928e+19
1.745220572831552717e+19
1.779897625841807565e+19
1.813732547917800243e+19
1.846602599429619712e+19
1.878381039272095334e+19
1.908937521741087949e+19
1.938138558655844352e+19
1.965848049494249472e+19
1.991927881821233971e+19
2.016238603699275366e+19
2.038640169063467827e+19
2.058992756223049318e+19
2.077157658703530394e+19
2.092998246582298214e+19
2.106380995279137997e+19
2.117176577462646374e+19
2.125261012319184486e+19
2.130516864926038016e+19
2.132834486879811174e+19
2.132113287687576781e+19
2.128263024748431770e+19
2.121205098076880077e+19
2.110873834276798464e+19
2.097217742713439027e+19
2.080200725390646477e+19
2.059803220784438477e+19
2.036023260846225408e+19
2.008877419649062093e+19
1.978401631742512742e+19
1.944651858278378701e+19
1.907704579410747802e+19
1.867657092411945779e+19
1.824627596420645069e+19
1.778755046771083264e+19
1.730198764465877197e+19
1.679137789545849242e+19
1.625769970859826790e+19
1.570310789012657152e+19
1.512991914010259456e+19
1.454059504250282803e+19
1.393772258924111667e+19
1.332399241485269811e+19
1.270217497457069261e+19
1.207509495352313037e+19
1.144560424693261312e+19
1.081655389875459686e+19
1.019076542757592269e+19
9.571002001965252608e+18
8.959939951472489472e+18
8.360141112646569984e+18
7.774026510773848064e+18
7.203851866753597440e+18
6.651685394233896960e+18
6.119388314895017984e+18
5.608598470052638720e+18
5.120717345523509248e+18
4.656900755341329408e+18
4.218053350239546368e+18
3.804827031052859904e+18
3.417623257787638784e+18
3.056599154830008320e+18
2.721677224422093824e+18
2.412558396993569792e+18
2.128738070951887104e+18
1.869524728627571200e+18
1.634060661458147584e+18
1.421344297935414784e+18
1.230253603617265664e+18
1.059570014290076800e+18
9.080023712538092800e+17
7.742103511455351040e+17
6.568269205737797120e+17
5.544793964295074560e+17
4.658087538901499520e+17
3.894868933140742400e+17
3.242316516315585920e+17
2.688194205531277120e+17
2.220953100278069760e+17
1.829808681222749440e+17
1.504794353611780480e+17
1.236792704463759040e+17
1.017546335035384960e+17
8.396505144936406400e+16
6.965301714564932800e+16
5.824038966508505600e+16
4.922376770879422400e+16
4.216910291177987200e+16
3.670580574376745600e+16
3.252057552920756000e+16
2.935115950696430400e+16
2.698021562516053200e+16
2.522942167459030400e+16
2.395394102997573600e+16
2.303732411257474800e+16
2.238689587463913600e+16
2.192965401298592800e+16
2.160868082624658000e+16
2.138005393287142000e+16
2.121022750093728800e+16
2.107384602331828000e+16
2.095194664898338800e+16
2.083050317921547600e+16
2.069926451301364000e+16
2.055084201214765200e+16
2.038000340194066000e+16
2.018313492362375200e+16
1.995783806957624800e+16
1.970263200445849200e+16
1.941673742625636000e+16
1.909992195448820400e+16
1.875239102313035600e+16
1.837471163891416000e+16
1.796775922568669600e+16
1.753268013213792800e+16
1.707086427706276800e+16
1.658392390055471600e+16
1.607367554393478600e+16
1.554212325783642400e+16
1.499144169416321600e+16
1.442395822378373800e+16
1.384213357994753800e+16
1.324854079116522600e+16
1.264584236282777200e+16
1.203676581346517600e+16
1.142407778304990600e+16
1.081055701654827600e+16
1.019896659196098200e+16
9.592025812054120000e+15
8.992382214654520000e+15
8.402584178724740000e+15
7.825054612583820000e+15
7.262066206627478000e+15
6.715718715678265000e+15
6.187918705829749000e+15
5.680362157770624000e+15
5.194520263894846000e+15
4.731628691278113000e+15
4.292680508375912500e+15
3.878422892138806000e+15
3.489357646409226500e+15
3.125745474542268500e+15
2.787613861919206000e+15
2.474768340160393500e+15
2.186806827152908500e+15
1.923136668048283250e+15
1.682993944475229000e+15
1.465464574259452500e+15
1.269506693437118000e+15
1.093973797204314250e+15
9.376381170163982500e+14
7.992137270971691250e+14
6.773789042735222500e+14
5.707973089241936250e+14
4.781376100016643750e+14
3.980912412406252500e+14
3.293880461769785000e+14
2.708096436635634062e+14
2.212004203231900625e+14
1.794761290533555000e+14
1.446301407209886875e+14
1.157374573164319062e+14
9.195664724465443750e+13
7.252990577411518750e+13
5.678147512273317188e+13
4.411467895570578125e+13
3.400783543714537891e+13
2.600931212561725000e+13
1.973197603923882422e+13
1.484727455904612891e+13
1.107915911937054102e+13
8.198035587868395508e+12
6.014894605425972656e+12
4.375743588057305664e+12
3.156431071360689453e+12
2.257924855970475098e+12
1.602078974285514648e+12
1.127901541585597656e+12
7.883164902578052979e+11
5.473971600910857544e+11
3.780386441092056274e+11
2.600283931781380920e+11
1.784704488703499146e+11
1.225172981968732300e+11
8.436417855839698792e+10
5.846315810720556641e+10
4.091795941124351501e+10
2.902482357954446793e+10
2.092934108187496948e+10
1.537379732044388008e+10
1.151396822505332565e+10
8.788300443704177856e+09
6.825933338302951813e+09
5.383030054158081055e+09
4.299386892682678223e+09
3.469316975782661915e+09
2.822406390797833443e+09
2.310978180056978226e+09
1.902033278816792965e+09
1.572126607478498697e+09
1.304133925269051075e+09
1.085216230995644093e+09
9.055309962594010830e+08
7.574032562229611874e+08
6.347776459341900349e+08
5.328421349614194036e+08
4.477580455396910310e+08
3.764578264763089418e+08
3.164881121972383857e+08
2.658849189992366433e+08
2.230730873488309979e+08
1.867849603661537170e+08
1.559948338354269266e+08
1.298665406962724626e+08
1.077119973381456137e+08
8.895883376865389943e+07
7.312545397057008743e+07
5.980207226335650682e+07
4.863646343822679669e+07
3.932335194065374136e+07
3.159654554497114569e+07
2.522308724619907513e+07
1.999885137147714570e+07
1.574514337792262807e+07
1.230597614500109851e+07
9.545788827944647521e+06
7.347448616443255916e+06
5.610432874068566598e+06
4.249131379739568569e+06
3.191238184042107314e+06
2.376222334520285949e+06
1.753878655410966137e+06
1.282965879146916792e+06
9.299414174694728572e+05
6.678013240853829775e+05
4.750316418451236677e+05
3.346741831643637852e+05
2.335064687086318736e+05
1.613324569708910421e+05
1.103780885888304329e+05
7.478367241380046471e+04
5.018379087025137414e+04
3.336466966117322590e+04
2.198876811709575122e+04
1.437660405265232839e+04
9.336424105739701190e+03
6.033162083250114847e+03
3.889098097814098310e+03
2.509658694201345952e+03
1.628817691200059926e+03
1.069520984275913179e+03
7.154338337527383374e+02
4.910778627211049070e+02
3.480801314759660272e+02
2.557999198011359852e+02
1.950379602027659587e+02
1.538792772809234179e+02
1.249877646743438788e+02
1.038717750915215845e+02
8.778821894184318353e+01
7.505952826484758589e+01
6.465323927095056433e+01
5.592601582151370110e+01
4.846913814084943084e+01
4.201578257137012429e+01
3.638552349447226675e+01
3.145108171871328295e+01
2.711831604913034610e+01
2.331410342002978453e+01
1.997894393064958862e+01
1.706242363225408099e+01
1.452042696043714187e+01
1.231343286354368871e+01
1.040548692124550278e+01
8.763594390787449839e+00
7.357371323477318370e+00
6.158848259070088815e+00
5.142357884907591270e+00
4.284462480755198754e+00
3.563893522450215734e+00
2.961487154898105434e+00
2.460106998923362820e+00
2.044550979690449299e+00
1.701442272427626357e+00
1.419106560947861917e+00
1.187438965252688439e+00
9.977644899448373517e-01
8.426958797632504439e-01
7.159924959071706230e-01
6.124233625239272616e-01
5.276369636423292597e-01
4.580397617491908102e-01
4.006848077080364945e-01
3.531712516397208512e-01
3.135550683835485186e-01
2.802708927522862270e-01
2.520645250149790018e-01
2.279354159244519062e-01
2.070882685519014887e-01
1.888927932292171763e-01
1.728506118692754168e-01
1.585683175220721775e-01
1.457357426761450025e-01
1.341085644585366943e-01
1.234944664913443929e-01
1.137421771021262101e-01
1.047328048398979000e-01
9.637298945739738998e-02
8.858947591028920598e-02
8.132479815295654002e-02
7.453382744833109141e-02
6.818099639397617873e-02
6.223805545463002853e-02
5.668225452321877522e-02
5.149486922809366762e-02
4.666001179530894494e-02
4.216368067587228374e-02
3.799301316616740531e-02
3.413571203054054787e-02
3.057962163399626301e-02
2.731243207251730920e-02
2.432149182871734538e-02
2.159371100060523269e-02
1.911553843578886469e-02
1.687299733022055298e-02
1.485176511689167457e-02
1.303728481524529977e-02
1.141489643827933373e-02
9.969978539791184841e-03
8.688091495826888444e-03
7.555115615114857755e-03
6.557378627114815797e-03
5.681768471703435228e-03
4.915828585348138574e-03
4.247834025010912423e-03
3.666847779051181193e-03
3.162757475704369107e-03
2.726293410906086359e-03
2.349029379325800245e-03
2.023368210348226899e-03
1.742514192542994481e-03
1.500434726938011014e-03
1.291813594467580793e-03
1.111998171442502448e-03
9.569427951538627981e-04
8.231502867958262687e-04
7.076133978431810908e-04
6.077576753695632279e-04
5.213869569716977253e-04
4.466324208008157172e-04
3.819058425644613263e-04
3.258574588540120586e-04
2.773386119935499329e-04
2.353691606040285325e-04
1.991094847376549573e-04
1.678367951908682411e-04
1.409253720864628474e-04
1.178303052416962329e-04
9.807428437172280777e-05
8.123698632217836999e-05
6.694662447918610067e-05
5.487325748229340204e-05
4.472349584977086874e-05
3.623629206408016557e-05
2.917954860211415528e-05
2.334732653275658863e-05
1.855748252032371725e-05
1.464960288477078238e-05
1.148313887438581207e-05
8.935677093882223431e-06
6.901303089154579257e-06
5.289034711586334751e-06
4.021315574117602793e-06
3.032568305425056481e-06
2.267813108852196699e-06
1.681360051072092392e-06
1.235584223324458217e-06
8.997920576146705642e-07
6.491851863333137239e-07
4.639257639410925499e-07
3.283044914746088994e-07
2.300099789818265999e-07
1.594957468853794980e-07
1.094392318530740613e-07
7.428569175779310127e-08
4.986891348805017693e-08
3.310009410108036123e-08
2.171614023108522811e-08
1.407884583619133591e-08
9.016889141974284254e-09
5.703259951526939837e-09
3.561516968859600280e-09
2.195118663797778503e-09
1.334918685175453706e-09
8.007280042097642615e-10
4.735926707449498832e-10
2.761008332348779005e-10
1.586071926023886620e-10
8.974630302295011832e-11
5.000244958168795378e-11
2.742115792506900119e-11
1.479568367726661091e-11
7.851814415697998959e-12
4.096544760821346154e-12
2.100394415452740974e-12
1.057883817461769912e-12
5.231703842094481621e-13
2.539369786567436448e-13
1.209180868792584655e-13
5.645978569869522162e-14
2.583836432681004496e-14
1.158400619458701885e-14
5.085169739795596479e-15
2.184663891521061851e-15
9.180586214673209481e-16
3.771648921316575284e-16
1.514013782781575452e-16
5.935028602031623579e-17
2.270705416172235198e-17
8.473991989210212249e-18
3.082779018570634393e-18
1.092584443220423945e-18
3.770077404281440825e-19
1.265742965888851427e-19
4.131911015252032409e-20
1.310597654187397624e-20
4.036417152854017423e-21
1.206197464288098645e-21
3.494749186149361188e-22
9.809801249817352892e-23
2.665716724730706544e-23
7.006994932309833104e-24
1.780160965675645078e-24
4.367501475095193156e-25
1.033904931100200005e-25
2.359499719930293517e-26
5.186321087312387220e-27
1.096976986150489922e-27
2.230605030047699904e-28
4.356251580002906708e-29
8.162737867056348721e-30
1.466047605423039077e-30
2.521130239603087196e-31
4.146788111663810687e-32
6.516592862193363664e-33
9.773104399773021762e-34
1.397161651873336737e-34
1.901733149396434848e-35
2.461587754805622289e-36
3.026251598294594174e-37
3.529121924065805403e-38
3.898833591062543277e-39
4.075020942625858975e-40
4.024006835539067133e-41
3.748983127051227941e-42
3.290573653982949739e-43
2.717036374380124142e-44
2.107326860912245186e-45
1.532893803557132956e-46
1.044121098058714762e-47
6.648852033854114421e-49
3.951671682461996266e-50
2.188353406220094986e-51
1.127204518738993919e-52
5.390942003809660795e-54
2.389530786918449870e-55
9.797987195664904648e-57
3.709437132977303357e-58
1.294126242313029456e-59
4.152147341832900778e-61
1.222658798155505388e-62
3.297323305041541796e-64
8.126559327259429810e-66
1.826347084974643661e-67
3.734312030538080091e-69
6.930810141342217488e-71
1.164862112013179828e-72
1.768593966378589048e-74
2.419720450779528072e-76
2.975635546381005261e-78
3.280491238106993165e-80
3.233569032964355598e-82
2.841978087223490282e-84
2.220940279566031488e-86
1.538803391158710789e-88
9.425004813688707520e-91
5.087719084841331575e-93
2.413052182022418235e-95
1.002394222932601622e-97
3.635225074329190872e-100
1.147105198870977930e-102
3.138899780179597571e-105
7.422340855291840491e-108
1.511275356311335110e-110
2.639962224664323011e-113
3.941636532424069816e-116
5.010877420977450985e-119
5.402592284359776257e-122
4.920315672709725807e-125
3.769593341649994260e-128
2.419198006015633762e-131
1.294921576731901998e-134
5.755518556645860861e-138
2.114565351392627823e-141
6.391928655742008173e-145
1.582143830037789077e-148
3.191109485048835451e-152
5.218500823425123026e-156
6.883853231646560502e-160
7.286488892396033491e-164
6.155582888807025733e-168
4.127531821643466573e-172
2.184387759687338147e-176
9.071410979144747791e-181
2.938678649468280439e-185
7.381165320737887251e-190
1.428539778004464191e-194
2.116836347776945180e-199
2.386025651862723153e-204
2.032131751947974375e-209
1.298801002009201690e-214
6.185854838618797313e-220
2.179721729387626574e-225
5.640896793057123691e-231
1.064055786123603333e-236
1.451754124734697955e-242
1.421331573526474844e-248
9.904865606841423023e-255
4.872408562140495223e-261
1.677581398174153822e-267
4.007567067395536369e-274
6.583475334997171880e-281
0.000000000000000000e+00
0.000000000000000000e+00
0.000000000000000000e+00
0.000000000000000000e+00
0.000000000000000000e+00
0.000000000000000000e+00
0.000000000000000000e+00
0.000000000000000000e+00
0.000000000000000000e+00
0.000000000000000000e+00
0.000000000000000000e+00
0.000000000000000000e+00
0.000000000000000000e+00
0.000000000000000000e+00
0.000000000000000000e+00
0.000000000000000000e+00
0.000000000000000000e+00
0.000000000000000000e+00
0.000000000000000000e+00
0.000000000000000000e+00
0.000000000000000000e+00
0.000000000000000000e+00
0.000000000000000000e+00
0.000000000000000000e+00
0.000000000000000000e+00
0.000000000000000000e+00
0.000000000000000000e+00
0.000000000000000000e+00
0.000000000000000000e+00
0.000000000000000000e+00
0.000000000000000000e+00
0.000000000000000000e+00
0.000000000000000000e+00
0.000000000000000000e+00
0.000000000000000000e+00
0.000000000000000000e+00
0.000000000000000000e+00
0.000000000000000000e+00
0.000000000000000000e+00
0.000000000000000000e+00
0.000000000000000000e+00
0.000000000000000000e+00
0.000000000000000000e+00
0.000000000000000000e+00
0.000000000000000000e+00
0.000000000000000000e+00
0.000000000000000000e+00
0.000000000000000000e+00
0.000000000000000000e+00
0.000000000000000000e+00
0.000000000000000000e+00
0.000000000000000000e+00
0.000000000000000000e+00
0.000000000000000000e+00
0.000000000000000000e+00
0.000000000000000000e+00
0.000000000000000000e+00
0.000000000000000000e+00
0.000000000000000000e+00
0.000000000000000000e+00
0.000000000000000000e+00
0.000000000000000000e+00
0.000000000000000000e+00
0.000000000000000000e+00
0.000000000000000000e+00
0.000000000000000000e+00
0.000000000000000000e+00
0.000000000000000000e+00
0.000000000000000000e+00
0.000000000000000000e+00
0.000000000000000000e+00
0.000000000000000000e+00
0.000000000000000000e+00
0.000000000000000000e+00
0.000000000000000000e+00
0.000000000000000000e+00
0.000000000000000000e+00
0.000000000000000000e+00
0.000000000000000000e+00
0.000000000000000000e+00
0.000000000000000000e+00
0.000000000000000000e+00
0.000000000000000000e+00
0.000000000000000000e+00
0.000000000000000000e+00
0.000000000000000000e+00
0.000000000000000000e+00
0.000000000000000000e+00
0.000000000000000000e+00
0.000000000000000000e+00
0.000000000000000000e+00
0.000000000000000000e+00
0.000000000000000000e+00
0.000000000000000000e+00
0.000000000000000000e+00
0.000000000000000000e+00
0.000000000000000000e+00
0.000000000000000000e+00
0.000000000000000000e+00
0.000000000000000000e+00
0.000000000000000000e+00
0.000000000000000000e+00
0.000000000000000000e+00
0.000000000000000000e+00
0.000000000000000000e+00
0.000000000000000000e+00
0.000000000000000000e+00
0.000000000000000000e+00
0.000000000000000000e+00
0.000000000000000000e+00
0.000000000000000000e+00
0.000000000000000000e+00
