5.500000000000000000e+02
6.000000000000000000e+02
6.500000000000000000e+02
7.000000000000000000e+02
7.500000000000000000e+02
8.500000000000000000e+02
9.500000000000000000e+02
1.050000000000000000e+03
1.150000000000000000e+03
1.250000000000000000e+03
1.300000000000000000e+03
1.350000000000000000e+03
1.400000000000000000e+03
1.450000000000000000e+03
1.500000000000000000e+03
1.550000000000000000e+03
1.600000000000000000e+03
1.650000000000000000e+03
1.700000000000000000e+03
1.750000000000000000e+03
