3.119839166781966935e+41
3.116937793103581035e+41
3.162799205225890799e+41
3.262738635104729218e+41
3.420096812077623275e+41
3.317434647398978194e+41
3.053121229847631034e+41
3.042027017710570411e+41
3.038420065748271208e+41
2.648511033459586673e+41
2.846250536253446574e+41
2.856053441692110702e+41
3.093839442419160045e+41
2.982764720767583467e+41
3.151824563592738982e+41
3.698547464554554157e+41
3.552582381339654061e+41
3.527275348337920178e+41
3.798310224066486375e+41
3.141786048740503031e+41
3.866724514361667380e+41
3.940732195068204279e+41
4.148873716707643258e+41
4.085061692326397407e+41
3.650953216068545175e+41
4.366679428719213149e+41
4.185290259203275353e+41
3.233228622782023973e+41
3.692945613949261173e+41
3.801140449531167270e+41
3.368512647658693532e+41
3.190270256560421145e+41
3.232319426123296593e+41
2.693989082779032110e+41
4.198197209745543841e+41
3.262204506499187322e+41
2.914423018308487983e+41
2.785703447559393159e+41
2.916005081810676880e+41
2.673030007761534273e+41
2.951472334561039007e+41
2.851050970817211357e+41
2.818663932813826685e+41
2.712028793654586941e+41
2.502639074393365269e+41
2.650190046975441876e+41
2.838041607972897470e+41
2.675308176397787307e+41
2.699017225627278193e+41
2.708145600200952746e+41
2.497748493869796404e+41
2.161888691119916582e+41
2.406147520914398694e+41
2.285333745329264647e+41
2.305784950383964935e+41
2.255395083978252939e+41
2.123148834454816377e+41
1.941301342552645120e+41
2.063951932912952778e+41
1.908627098167182567e+41
1.846462852537406887e+41
1.774380375360079144e+41
