-1.999999999999998909e+04
-1.997371714643303130e+04
-1.994743429286607352e+04
-1.992115143929911210e+04
-1.989486858573215432e+04
-1.986858573216519653e+04
-1.984230287859823875e+04
-1.981602002503127733e+04
-1.978973717146431954e+04
-1.976345431789736176e+04
-1.973717146433040398e+04
-1.971088861076344256e+04
-1.968460575719648477e+04
-1.965832290362952699e+04
-1.963204005006256921e+04
-1.960575719649560779e+04
-1.957947434292865000e+04
-1.955319148936169222e+04
-1.952690863579473444e+04
-1.950062578222777302e+04
-1.947434292866081523e+04
-1.944806007509385745e+04
-1.942177722152689967e+04
-1.939549436795993824e+04
-1.936921151439298046e+04
-1.934292866082602268e+04
-1.931664580725906490e+04
-1.929036295369210347e+04
-1.926408010012514569e+04
-1.923779724655818791e+04
-1.921151439299123012e+04
-1.918523153942426870e+04
-1.915894868585731092e+04
-1.913266583229035314e+04
-1.910638297872339535e+04
-1.908010012515643393e+04
-1.905381727158947615e+04
-1.902753441802251837e+04
-1.900125156445556058e+04
-1.897496871088859916e+04
-1.894868585732164138e+04
-1.892240300375468360e+04
-1.889612015018772581e+04
-1.886983729662076439e+04
-1.884355444305380661e+04
-1.881727158948684882e+04
-1.879098873591989104e+04
-1.876470588235292962e+04
-1.873842302878597184e+04
-1.871214017521901405e+04
-1.868585732165205627e+04
-1.865957446808509485e+04
-1.863329161451813707e+04
-1.860700876095117928e+04
-1.858072590738422150e+04
-1.855444305381726008e+04
-1.852816020025030230e+04
-1.850187734668334451e+04
-1.847559449311638673e+04
-1.844931163954942531e+04
-1.842302878598246753e+04
-1.839674593241550974e+04
-1.837046307884855196e+04
-1.834418022528159054e+04
-1.831789737171463275e+04
-1.829161451814767497e+04
-1.826533166458071719e+04
-1.823904881101375577e+04
-1.821276595744679798e+04
-1.818648310387984020e+04
-1.816020025031288242e+04
-1.813391739674592100e+04
-1.810763454317896321e+04
-1.808135168961200543e+04
-1.805506883604504765e+04
-1.802878598247808623e+04
-1.800250312891112844e+04
-1.797622027534417066e+04
-1.794993742177721288e+04
-1.792365456821025145e+04
-1.789737171464329367e+04
-1.787108886107633589e+04
-1.784480600750937811e+04
-1.781852315394241668e+04
-1.779224030037545890e+04
-1.776595744680850112e+04
-1.773967459324154333e+04
-1.771339173967458191e+04
-1.768710888610762413e+04
-1.766082603254066635e+04
-1.763454317897370856e+04
-1.760826032540674714e+04
-1.758197747183978936e+04
-1.755569461827283158e+04
-1.752941176470587379e+04
-1.750312891113891237e+04
-1.747684605757195459e+04
-1.745056320400499681e+04
-1.742428035043803902e+04
-1.739799749687108124e+04
-1.737171464330411982e+04
-1.734543178973716203e+04
-1.731914893617020425e+04
-1.729286608260324283e+04
-1.726658322903628505e+04
-1.724030037546932726e+04
-1.721401752190236948e+04
-1.718773466833541170e+04
-1.716145181476845028e+04
-1.713516896120149249e+04
-1.710888610763453471e+04
-1.708260325406757329e+04
-1.705632040050061551e+04
-1.703003754693365772e+04
-1.700375469336669994e+04
-1.697747183979974216e+04
-1.695118898623278074e+04
-1.692490613266582295e+04
-1.689862327909886517e+04
-1.687234042553190375e+04
-1.684605757196494596e+04
-1.681977471839798818e+04
-1.679349186483103040e+04
-1.676720901126407261e+04
-1.674092615769711119e+04
-1.671464330413015341e+04
-1.668836045056319563e+04
-1.666207759699623421e+04
-1.663579474342927642e+04
-1.660951188986231864e+04
-1.658322903629536086e+04
-1.655694618272840307e+04
-1.653066332916144165e+04
-1.650438047559448387e+04
-1.647809762202752609e+04
-1.645181476846056466e+04
-1.642553191489360688e+04
-1.639924906132664910e+04
-1.637296620775969132e+04
-1.634668335419273171e+04
-1.632040050062577211e+04
-1.629411764705881433e+04
-1.626783479349185654e+04
-1.624155193992489694e+04
-1.621526908635793734e+04
-1.618898623279097956e+04
-1.616270337922402177e+04
-1.613642052565706217e+04
-1.611013767209010257e+04
-1.608385481852314479e+04
-1.605757196495618700e+04
-1.603128911138922740e+04
-1.600500625782226780e+04
-1.597872340425531002e+04
-1.595244055068835223e+04
-1.592615769712139263e+04
-1.589987484355443303e+04
-1.587359198998747524e+04
-1.584730913642051746e+04
-1.582102628285355786e+04
-1.579474342928659826e+04
-1.576846057571964047e+04
-1.574217772215268269e+04
-1.571589486858572309e+04
-1.568961201501876349e+04
-1.566332916145180570e+04
-1.563704630788484792e+04
-1.561076345431788832e+04
-1.558448060075092872e+04
-1.555819774718397093e+04
-1.553191489361701315e+04
-1.550563204005005355e+04
-1.547934918648309394e+04
-1.545306633291613616e+04
-1.542678347934917838e+04
-1.540050062578221878e+04
-1.537421777221525917e+04
-1.534793491864830139e+04
-1.532165206508134361e+04
-1.529536921151438401e+04
-1.526908635794742440e+04
-1.524280350438046662e+04
-1.521652065081350884e+04
-1.519023779724654923e+04
-1.516395494367958963e+04
-1.513767209011263185e+04
-1.511138923654567407e+04
-1.508510638297871446e+04
-1.505882352941175486e+04
-1.503254067584479708e+04
-1.500625782227783930e+04
-1.497997496871087969e+04
-1.495369211514392191e+04
-1.492740926157696231e+04
-1.490112640801000452e+04
-1.487484355444304674e+04
-1.484856070087608714e+04
-1.482227784730912754e+04
-1.479599499374216975e+04
-1.476971214017521197e+04
-1.474342928660825237e+04
-1.471714643304129277e+04
-1.469086357947433498e+04
-1.466458072590737720e+04
-1.463829787234041760e+04
-1.461201501877345800e+04
-1.458573216520650021e+04
-1.455944931163954243e+04
-1.453316645807258283e+04
-1.450688360450562323e+04
-1.448060075093866544e+04
-1.445431789737170766e+04
-1.442803504380474806e+04
-1.440175219023778845e+04
-1.437546933667083067e+04
-1.434918648310387289e+04
-1.432290362953691329e+04
-1.429662077596995368e+04
-1.427033792240299590e+04
-1.424405506883603812e+04
-1.421777221526907852e+04
-1.419148936170211891e+04
-1.416520650813516113e+04
-1.413892365456820335e+04
-1.411264080100124374e+04
-1.408635794743428414e+04
-1.406007509386732636e+04
-1.403379224030036858e+04
-1.400750938673340897e+04
-1.398122653316644937e+04
-1.395494367959949159e+04
-1.392866082603253381e+04
-1.390237797246557420e+04
-1.387609511889861460e+04
-1.384981226533165682e+04
-1.382352941176469903e+04
-1.379724655819773943e+04
-1.377096370463077983e+04
-1.374468085106382205e+04
-1.371839799749686426e+04
-1.369211514392990466e+04
-1.366583229036294506e+04
-1.363954943679598728e+04
-1.361326658322902949e+04
-1.358698372966206989e+04
-1.356070087609511029e+04
-1.353441802252815251e+04
-1.350813516896119472e+04
-1.348185231539423512e+04
-1.345556946182727552e+04
-1.342928660826031773e+04
-1.340300375469335995e+04
-1.337672090112640035e+04
-1.335043804755944075e+04
-1.332415519399248296e+04
-1.329787234042552518e+04
-1.327158948685856558e+04
-1.324530663329160598e+04
-1.321902377972464819e+04
-1.319274092615769041e+04
-1.316645807259073081e+04
-1.314017521902377121e+04
-1.311389236545681342e+04
-1.308760951188985564e+04
-1.306132665832289604e+04
-1.303504380475593643e+04
-1.300876095118897865e+04
-1.298247809762202087e+04
-1.295619524405506127e+04
-1.292991239048810166e+04
-1.290362953692114388e+04
-1.287734668335418610e+04
-1.285106382978722650e+04
-1.282478097622026689e+04
-1.279849812265330911e+04
-1.277221526908635133e+04
-1.274593241551939172e+04
-1.271964956195243212e+04
-1.269336670838547434e+04
-1.266708385481851656e+04
-1.264080100125155695e+04
-1.261451814768459735e+04
-1.258823529411763957e+04
-1.256195244055068179e+04
-1.253566958698372218e+04
-1.250938673341676258e+04
-1.248310387984980480e+04
-1.245682102628284701e+04
-1.243053817271588741e+04
-1.240425531914892781e+04
-1.237797246558197003e+04
-1.235168961201501224e+04
-1.232540675844805264e+04
-1.229912390488109304e+04
-1.227284105131413526e+04
-1.224655819774717747e+04
-1.222027534418021787e+04
-1.219399249061325827e+04
-1.216770963704630049e+04
-1.214142678347934270e+04
-1.211514392991238310e+04
-1.208886107634542350e+04
-1.206257822277846572e+04
-1.203629536921150793e+04
-1.201001251564454833e+04
-1.198372966207758873e+04
-1.195744680851063094e+04
-1.193116395494367316e+04
-1.190488110137671356e+04
-1.187859824780975396e+04
-1.185231539424279617e+04
-1.182603254067583839e+04
-1.179974968710887879e+04
-1.177346683354192101e+04
-1.174718397997496140e+04
-1.172090112640800362e+04
-1.169461827284104402e+04
-1.166833541927408623e+04
-1.164205256570712663e+04
-1.161576971214016885e+04
-1.158948685857320925e+04
-1.156320400500625146e+04
-1.153692115143929186e+04
-1.151063829787233408e+04
-1.148435544430537448e+04
-1.145807259073841669e+04
-1.143178973717145709e+04
-1.140550688360449931e+04
-1.137922403003753971e+04
-1.135294117647058192e+04
-1.132665832290362232e+04
-1.130037546933666454e+04
-1.127409261576970493e+04
-1.124780976220274715e+04
-1.122152690863578755e+04
-1.119524405506882977e+04
-1.116896120150187016e+04
-1.114267834793491238e+04
-1.111639549436795278e+04
-1.109011264080099500e+04
-1.106382978723403539e+04
-1.103754693366707761e+04
-1.101126408010011801e+04
-1.098498122653316022e+04
-1.095869837296620062e+04
-1.093241551939924284e+04
-1.090613266583228324e+04
-1.087984981226532545e+04
-1.085356695869836585e+04
-1.082728410513140807e+04
-1.080100125156444847e+04
-1.077471839799749068e+04
-1.074843554443053108e+04
-1.072215269086357330e+04
-1.069586983729661370e+04
-1.066958698372965591e+04
-1.064330413016269631e+04
-1.061702127659573853e+04
-1.059073842302877893e+04
-1.056445556946182114e+04
-1.053817271589486154e+04
-1.051188986232790376e+04
-1.048560700876094415e+04
-1.045932415519398637e+04
-1.043304130162702677e+04
-1.040675844806006899e+04
-1.038047559449310938e+04
-1.035419274092615160e+04
-1.032790988735919200e+04
-1.030162703379223422e+04
-1.027534418022527461e+04
-1.024906132665831683e+04
-1.022277847309135723e+04
-1.019649561952439944e+04
-1.017021276595743984e+04
-1.014392991239048206e+04
-1.011764705882352246e+04
-1.009136420525656467e+04
-1.006508135168960507e+04
-1.003879849812264729e+04
-1.001251564455568769e+04
-9.986232790988729903e+03
-9.959949937421770301e+03
-9.933667083854812518e+03
-9.907384230287854734e+03
-9.881101376720895132e+03
-9.854818523153937349e+03
-9.828535669586977747e+03
-9.802252816020019964e+03
-9.775969962453060361e+03
-9.749687108886102578e+03
-9.723404255319142976e+03
-9.697121401752185193e+03
-9.670838548185225591e+03
-9.644555694618267808e+03
-9.618272841051308205e+03
-9.591989987484350422e+03
-9.565707133917390820e+03
-9.539424280350433037e+03
-9.513141426783473435e+03
-9.486858573216515651e+03
-9.460575719649556049e+03
-9.434292866082598266e+03
-9.408010012515638664e+03
-9.381727158948680881e+03
-9.355444305381721279e+03
-9.329161451814763495e+03
-9.302878598247803893e+03
-9.276595744680846110e+03
-9.250312891113886508e+03
-9.224030037546928725e+03
-9.197747183979969122e+03
-9.171464330413011339e+03
-9.145181476846051737e+03
-9.118898623279093954e+03
-9.092615769712134352e+03
-9.066332916145176569e+03
-9.040050062578216966e+03
-9.013767209011259183e+03
-8.987484355444299581e+03
-8.961201501877341798e+03
-8.934918648310382196e+03
-8.908635794743424412e+03
-8.882352941176464810e+03
-8.856070087609507027e+03
-8.829787234042547425e+03
-8.803504380475589642e+03
-8.777221526908630040e+03
-8.750938673341672256e+03
-8.724655819774712654e+03
-8.698372966207754871e+03
-8.672090112640795269e+03
-8.645807259073837486e+03
-8.619524405506877883e+03
-8.593241551939920100e+03
-8.566958698372960498e+03
-8.540675844806002715e+03
-8.514392991239043113e+03
-8.488110137672085330e+03
-8.461827284105125727e+03
-8.435544430538167944e+03
-8.409261576971208342e+03
-8.382978723404250559e+03
-8.356695869837290957e+03
-8.330413016270333173e+03
-8.304130162703373571e+03
-8.277847309136415788e+03
-8.251564455569456186e+03
-8.225281602002498403e+03
-8.198998748435538801e+03
-8.172715894868581017e+03
-8.146433041301621415e+03
-8.120150187734663632e+03
-8.093867334167704030e+03
-8.067584480600746247e+03
-8.041301627033786644e+03
-8.015018773466828861e+03
-7.988735919899869259e+03
-7.962453066332911476e+03
-7.936170212765951874e+03
-7.909887359198994091e+03
-7.883604505632034488e+03
-7.857321652065076705e+03
-7.831038798498117103e+03
-7.804755944931159320e+03
-7.778473091364199718e+03
-7.752190237797241934e+03
-7.725907384230282332e+03
-7.699624530663324549e+03
-7.673341677096364947e+03
-7.647058823529407164e+03
-7.620775969962447562e+03
-7.594493116395489778e+03
-7.568210262828530176e+03
-7.541927409261572393e+03
-7.515644555694612791e+03
-7.489361702127655008e+03
-7.463078848560695405e+03
-7.436795994993737622e+03
-7.410513141426778020e+03
-7.384230287859820237e+03
-7.357947434292860635e+03
-7.331664580725902852e+03
-7.305381727158943249e+03
-7.279098873591985466e+03
-7.252816020025025864e+03
-7.226533166458068081e+03
-7.200250312891108479e+03
-7.173967459324150695e+03
-7.147684605757191093e+03
-7.121401752190233310e+03
-7.095118898623273708e+03
-7.068836045056315925e+03
-7.042553191489356323e+03
-7.016270337922398539e+03
-6.989987484355438937e+03
-6.963704630788481154e+03
-6.937421777221521552e+03
-6.911138923654563769e+03
-6.884856070087604166e+03
-6.858573216520646383e+03
-6.832290362953686781e+03
-6.806007509386728998e+03
-6.779724655819769396e+03
-6.753441802252811613e+03
-6.727158948685852010e+03
-6.700876095118894227e+03
-6.674593241551934625e+03
-6.648310387984976842e+03
-6.622027534418017240e+03
-6.595744680851059456e+03
-6.569461827284099854e+03
-6.543178973717142071e+03
-6.516896120150184288e+03
-6.490613266583224686e+03
-6.464330413016266903e+03
-6.438047559449307300e+03
-6.411764705882349517e+03
-6.385481852315389915e+03
-6.359198998748432132e+03
-6.332916145181472530e+03
-6.306633291614514746e+03
-6.280350438047555144e+03
-6.254067584480597361e+03
-6.227784730913637759e+03
-6.201501877346679976e+03
-6.175219023779720374e+03
-6.148936170212762590e+03
-6.122653316645802988e+03
-6.096370463078845205e+03
-6.070087609511885603e+03
-6.043804755944927820e+03
-6.017521902377968217e+03
-5.991239048811010434e+03
-5.964956195244050832e+03
-5.938673341677093049e+03
-5.912390488110133447e+03
-5.886107634543175664e+03
-5.859824780976216061e+03
-5.833541927409258278e+03
-5.807259073842298676e+03
-5.780976220275340893e+03
-5.754693366708381291e+03
-5.728410513141423507e+03
-5.702127659574463905e+03
-5.675844806007506122e+03
-5.649561952440546520e+03
-5.623279098873588737e+03
-5.596996245306629135e+03
-5.570713391739671351e+03
-5.544430538172711749e+03
-5.518147684605753966e+03
-5.491864831038794364e+03
-5.465581977471836581e+03
-5.439299123904876978e+03
-5.413016270337919195e+03
-5.386733416770959593e+03
-5.360450563204001810e+03
-5.334167709637042208e+03
-5.307884856070084425e+03
-5.281602002503124822e+03
-5.255319148936167039e+03
-5.229036295369207437e+03
-5.202753441802249654e+03
-5.176470588235290052e+03
-5.150187734668332268e+03
-5.123904881101372666e+03
-5.097622027534414883e+03
-5.071339173967455281e+03
-5.045056320400497498e+03
-5.018773466833537896e+03
-4.992490613266580112e+03
-4.966207759699620510e+03
-4.939924906132662727e+03
-4.913642052565703125e+03
-4.887359198998745342e+03
-4.861076345431785739e+03
-4.834793491864827956e+03
-4.808510638297868354e+03
-4.782227784730910571e+03
-4.755944931163950969e+03
-4.729662077596993186e+03
-4.703379224030033583e+03
-4.677096370463075800e+03
-4.650813516896116198e+03
-4.624530663329158415e+03
-4.598247809762198813e+03
-4.571964956195241029e+03
-4.545682102628281427e+03
-4.519399249061323644e+03
-4.493116395494364042e+03
-4.466833541927406259e+03
-4.440550688360446657e+03
-4.414267834793488873e+03
-4.387984981226529271e+03
-4.361702127659571488e+03
-4.335419274092611886e+03
-4.309136420525654103e+03
-4.282853566958694500e+03
-4.256570713391736717e+03
-4.230287859824777115e+03
-4.204005006257819332e+03
-4.177722152690859730e+03
-4.151439299123901947e+03
-4.125156445556942344e+03
-4.098873591989984561e+03
-4.072590738423024959e+03
-4.046307884856067176e+03
-4.020025031289107574e+03
-3.993742177722149790e+03
-3.967459324155190188e+03
-3.941176470588232405e+03
-3.914893617021272803e+03
-3.888610763454315020e+03
-3.862327909887355418e+03
-3.836045056320397634e+03
-3.809762202753438032e+03
-3.783479349186480249e+03
-3.757196495619520647e+03
-3.730913642052562864e+03
-3.704630788485603262e+03
-3.678347934918645478e+03
-3.652065081351685876e+03
-3.625782227784728093e+03
-3.599499374217768491e+03
-3.573216520650810708e+03
-3.546933667083852924e+03
-3.520650813516891503e+03
-3.494367959949933720e+03
-3.468085106382975937e+03
-3.441802252816018154e+03
-3.415519399249056733e+03
-3.389236545682098949e+03
-3.362953692115141166e+03
-3.336670838548183383e+03
-3.310387984981221962e+03
-3.284105131414264179e+03
-3.257822277847306395e+03
-3.231539424280348612e+03
-3.205256570713387191e+03
-3.178973717146429408e+03
-3.152690863579471625e+03
-3.126408010012513842e+03
-3.100125156445556058e+03
-3.073842302878594637e+03
-3.047559449311636854e+03
-3.021276595744679071e+03
-2.994993742177721288e+03
-2.968710888610759866e+03
-2.942428035043802083e+03
-2.916145181476844300e+03
-2.889862327909886517e+03
-2.863579474342925096e+03
-2.837296620775967313e+03
-2.811013767209009529e+03
-2.784730913642051746e+03
-2.758448060075090325e+03
-2.732165206508132542e+03
-2.705882352941174759e+03
-2.679599499374216975e+03
-2.653316645807255554e+03
-2.627033792240297771e+03
-2.600750938673339988e+03
-2.574468085106382205e+03
-2.548185231539420784e+03
-2.521902377972463000e+03
-2.495619524405505217e+03
-2.469336670838547434e+03
-2.443053817271586013e+03
-2.416770963704628230e+03
-2.390488110137670446e+03
-2.364205256570712663e+03
-2.337922403003751242e+03
-2.311639549436793459e+03
-2.285356695869835676e+03
-2.259073842302877893e+03
-2.232790988735916471e+03
-2.206508135168958688e+03
-2.180225281602000905e+03
-2.153942428035043122e+03
-2.127659574468081701e+03
-2.101376720901123917e+03
-2.075093867334166134e+03
-2.048811013767208351e+03
-2.022528160200246930e+03
-1.996245306633289147e+03
-1.969962453066331364e+03
-1.943679599499373580e+03
-1.917396745932412159e+03
-1.891113892365454376e+03
-1.864831038798496593e+03
-1.838548185231538810e+03
-1.812265331664577388e+03
-1.785982478097619605e+03
-1.759699624530661822e+03
-1.733416770963704039e+03
-1.707133917396742618e+03
-1.680851063829784835e+03
-1.654568210262827051e+03
-1.628285356695869268e+03
-1.602002503128907847e+03
-1.575719649561950064e+03
-1.549436795994992281e+03
-1.523153942428034497e+03
-1.496871088861073076e+03
-1.470588235294115293e+03
-1.444305381727157510e+03
-1.418022528160199727e+03
-1.391739674593238306e+03
-1.365456821026280522e+03
-1.339173967459322739e+03
-1.312891113892364956e+03
-1.286608260325403535e+03
-1.260325406758445752e+03
-1.234042553191487968e+03
-1.207759699624530185e+03
-1.181476846057568764e+03
-1.155193992490610981e+03
-1.128911138923653198e+03
-1.102628285356695415e+03
-1.076345431789733993e+03
-1.050062578222776210e+03
-1.023779724655818427e+03
-9.974968710888606438e+02
-9.712140175218992226e+02
-9.449311639549414394e+02
-9.186483103879836563e+02
-8.923654568210258731e+02
-8.660826032540644519e+02
-8.397997496871066687e+02
-8.135168961201488855e+02
-7.872340425531911023e+02
-7.609511889862296812e+02
-7.346683354192718980e+02
-7.083854818523141148e+02
-6.821026282853563316e+02
-6.558197747183949105e+02
-6.295369211514371273e+02
-6.032540675844793441e+02
-5.769712140175215609e+02
-5.506883604505601397e+02
-5.244055068836023565e+02
-4.981226533166445734e+02
-4.718397997496867902e+02
-4.455569461827253690e+02
-4.192740926157675858e+02
-3.929912390488098026e+02
-3.667083854818520194e+02
-3.404255319148905983e+02
-3.141426783479328151e+02
-2.878598247809750319e+02
-2.615769712140172487e+02
-2.352941176470558275e+02
-2.090112640800980444e+02
-1.827284105131402612e+02
-1.564455569461824780e+02
-1.301627033792210568e+02
-1.038798498122632736e+02
-7.759699624530549045e+01
-5.131414267834770726e+01
-2.503128911138628609e+01
1.251564455571497092e+00
2.753441802252928028e+01
5.381727158948706347e+01
8.010012515644848463e+01
1.063829787234062678e+02
1.326658322903640510e+02
1.589486858573218342e+02
1.852315394242796174e+02
2.115143929912410385e+02
2.377972465581988217e+02
2.640801001251566049e+02
2.903629536921143881e+02
3.166458072590758093e+02
3.429286608260335925e+02
3.692115143929913756e+02
3.954943679599491588e+02
4.217772215269105800e+02
4.480600750938683632e+02
4.743429286608261464e+02
5.006257822277839296e+02
5.269086357947453507e+02
5.531914893617031339e+02
5.794743429286609171e+02
6.057571964956187003e+02
6.320400500625801214e+02
6.583229036295379046e+02
6.846057571964956878e+02
7.108886107634534710e+02
7.371714643304148922e+02
7.634543178973726754e+02
7.897371714643304585e+02
8.160200250312882417e+02
8.423028785982496629e+02
8.685857321652074461e+02
8.948685857321652293e+02
9.211514392991230125e+02
9.474342928660844336e+02
9.737171464330422168e+02
9.999999999999997726e+02
