-4.000000000000000000e+03
-3.989987484355444394e+03
-3.979974968710888788e+03
-3.969962453066332728e+03
-3.959949937421777122e+03
-3.949937421777221516e+03
-3.939924906132665910e+03
-3.929912390488110304e+03
-3.919899874843554244e+03
-3.909887359198998638e+03
-3.899874843554443032e+03
-3.889862327909887426e+03
-3.879849812265331821e+03
-3.869837296620775760e+03
-3.859824780976220154e+03
-3.849812265331664548e+03
-3.839799749687108942e+03
-3.829787234042553337e+03
-3.819774718397997276e+03
-3.809762202753441670e+03
-3.799749687108886064e+03
-3.789737171464330459e+03
-3.779724655819774853e+03
-3.769712140175219247e+03
-3.759699624530663186e+03
-3.749687108886107580e+03
-3.739674593241551975e+03
-3.729662077596996369e+03
-3.719649561952440308e+03
-3.709637046307884702e+03
-3.699624530663329097e+03
-3.689612015018773491e+03
-3.679599499374217885e+03
-3.669586983729662279e+03
-3.659574468085106218e+03
-3.649561952440550613e+03
-3.639549436795995007e+03
-3.629536921151439401e+03
-3.619524405506883795e+03
-3.609511889862327735e+03
-3.599499374217772129e+03
-3.589486858573216523e+03
-3.579474342928660917e+03
-3.569461827284105311e+03
-3.559449311639549251e+03
-3.549436795994993645e+03
-3.539424280350438039e+03
-3.529411764705882433e+03
-3.519399249061326827e+03
-3.509386733416770767e+03
-3.499374217772215161e+03
-3.489361702127659555e+03
-3.479349186483103949e+03
-3.469336670838548343e+03
-3.459324155193992738e+03
-3.449311639549436677e+03
-3.439299123904881071e+03
-3.429286608260325465e+03
-3.419274092615769860e+03
-3.409261576971213799e+03
-3.399249061326658193e+03
-3.389236545682102587e+03
-3.379224030037546981e+03
-3.369211514392991376e+03
-3.359198998748435770e+03
-3.349186483103879709e+03
-3.339173967459324103e+03
-3.329161451814768498e+03
-3.319148936170212892e+03
-3.309136420525656831e+03
-3.299123904881101225e+03
-3.289111389236545619e+03
-3.279098873591990014e+03
-3.269086357947434408e+03
-3.259073842302878802e+03
-3.249061326658322741e+03
-3.239048811013767136e+03
-3.229036295369211530e+03
-3.219023779724655924e+03
-3.209011264080099863e+03
-3.198998748435544258e+03
-3.188986232790988652e+03
-3.178973717146433046e+03
-3.168961201501877440e+03
-3.158948685857321834e+03
-3.148936170212766228e+03
-3.138923654568210168e+03
-3.128911138923654562e+03
-3.118898623279098956e+03
-3.108886107634542896e+03
-3.098873591989987290e+03
-3.088861076345431684e+03
-3.078848560700876078e+03
-3.068836045056320472e+03
-3.058823529411764866e+03
-3.048811013767209261e+03
-3.038798498122653200e+03
-3.028785982478097594e+03
-3.018773466833541988e+03
-3.008760951188986382e+03
-2.998748435544430322e+03
-2.988735919899874716e+03
-2.978723404255319110e+03
-2.968710888610763504e+03
-2.958698372966207899e+03
-2.948685857321652293e+03
-2.938673341677096687e+03
-2.928660826032540626e+03
-2.918648310387985020e+03
-2.908635794743428960e+03
-2.898623279098873354e+03
-2.888610763454317748e+03
-2.878598247809762142e+03
-2.868585732165206537e+03
-2.858573216520650931e+03
-2.848560700876095325e+03
-2.838548185231539719e+03
-2.828535669586983659e+03
-2.818523153942428053e+03
-2.808510638297872447e+03
-2.798498122653316386e+03
-2.788485607008760780e+03
-2.778473091364205175e+03
-2.768460575719649569e+03
-2.758448060075093963e+03
-2.748435544430538357e+03
-2.738423028785982751e+03
-2.728410513141426691e+03
-2.718397997496871085e+03
-2.708385481852315479e+03
-2.698372966207759418e+03
-2.688360450563203813e+03
-2.678347934918648207e+03
-2.668335419274092601e+03
-2.658322903629536995e+03
-2.648310387984981389e+03
-2.638297872340425783e+03
-2.628285356695869723e+03
-2.618272841051314117e+03
-2.608260325406758511e+03
-2.598247809762202451e+03
-2.588235294117646845e+03
-2.578222778473091239e+03
-2.568210262828535633e+03
-2.558197747183980027e+03
-2.548185231539424421e+03
-2.538172715894868816e+03
-2.528160200250313210e+03
-2.518147684605757149e+03
-2.508135168961201543e+03
-2.498122653316645483e+03
-2.488110137672089877e+03
-2.478097622027534271e+03
-2.468085106382978665e+03
-2.458072590738423060e+03
-2.448060075093867454e+03
-2.438047559449311848e+03
-2.428035043804756242e+03
-2.418022528160200181e+03
-2.408010012515644576e+03
-2.397997496871088970e+03
-2.387984981226532909e+03
-2.377972465581977303e+03
-2.367959949937421698e+03
-2.357947434292866092e+03
-2.347934918648310486e+03
-2.337922403003754880e+03
-2.327909887359199274e+03
-2.317897371714643214e+03
-2.307884856070087608e+03
-2.297872340425532002e+03
-2.287859824780975941e+03
-2.277847309136420336e+03
-2.267834793491864730e+03
-2.257822277847309124e+03
-2.247809762202753518e+03
-2.237797246558197912e+03
-2.227784730913642306e+03
-2.217772215269086246e+03
-2.207759699624530640e+03
-2.197747183979975034e+03
-2.187734668335418974e+03
-2.177722152690863368e+03
-2.167709637046307762e+03
-2.157697121401752156e+03
-2.147684605757196550e+03
-2.137672090112640944e+03
-2.127659574468085339e+03
-2.117647058823529733e+03
-2.107634543178973672e+03
-2.097622027534418066e+03
-2.087609511889862006e+03
-2.077596996245306400e+03
-2.067584480600750794e+03
-2.057571964956195188e+03
-2.047559449311639582e+03
-2.037546933667083749e+03
-2.027534418022528143e+03
-2.017521902377972538e+03
-2.007509386733416704e+03
-1.997496871088861099e+03
-1.987484355444305265e+03
-1.977471839799749660e+03
-1.967459324155194054e+03
-1.957446808510638220e+03
-1.947434292866082615e+03
-1.937421777221527009e+03
-1.927409261576971403e+03
-1.917396745932415342e+03
-1.907384230287859737e+03
-1.897371714643304131e+03
-1.887359198998748525e+03
-1.877346683354192919e+03
-1.867334167709636858e+03
-1.857321652065081253e+03
-1.847309136420525647e+03
-1.837296620775970041e+03
-1.827284105131414435e+03
-1.817271589486858375e+03
-1.807259073842302769e+03
-1.797246558197747163e+03
-1.787234042553191557e+03
-1.777221526908635951e+03
-1.767209011264079891e+03
-1.757196495619524285e+03
-1.747183979974968679e+03
-1.737171464330413073e+03
-1.727158948685857467e+03
-1.717146433041301407e+03
-1.707133917396745801e+03
-1.697121401752190195e+03
-1.687108886107634589e+03
-1.677096370463078983e+03
-1.667083854818522923e+03
-1.657071339173967317e+03
-1.647058823529411711e+03
-1.637046307884856105e+03
-1.627033792240300500e+03
-1.617021276595744894e+03
-1.607008760951188833e+03
-1.596996245306633227e+03
-1.586983729662077621e+03
-1.576971214017522016e+03
-1.566958698372966410e+03
-1.556946182728410349e+03
-1.546933667083854743e+03
-1.536921151439299138e+03
-1.526908635794743532e+03
-1.516896120150187926e+03
-1.506883604505631865e+03
-1.496871088861076259e+03
-1.486858573216520654e+03
-1.476846057571965048e+03
-1.466833541927409442e+03
-1.456821026282853381e+03
-1.446808510638297776e+03
-1.436795994993742170e+03
-1.426783479349186564e+03
-1.416770963704630958e+03
-1.406758448060074898e+03
-1.396745932415519292e+03
-1.386733416770963686e+03
-1.376720901126408080e+03
-1.366708385481852474e+03
-1.356695869837296414e+03
-1.346683354192740808e+03
-1.336670838548185202e+03
-1.326658322903629596e+03
-1.316645807259073990e+03
-1.306633291614517930e+03
-1.296620775969962324e+03
-1.286608260325406718e+03
-1.276595744680851112e+03
-1.266583229036295506e+03
-1.256570713391739446e+03
-1.246558197747183840e+03
-1.236545682102628234e+03
-1.226533166458072628e+03
-1.216520650813517022e+03
-1.206508135168961417e+03
-1.196495619524405356e+03
-1.186483103879849750e+03
-1.176470588235294144e+03
-1.166458072590738539e+03
-1.156445556946182933e+03
-1.146433041301626872e+03
-1.136420525657071266e+03
-1.126408010012515660e+03
-1.116395494367960055e+03
-1.106382978723404449e+03
-1.096370463078848388e+03
-1.086357947434292782e+03
-1.076345431789737177e+03
-1.066332916145181571e+03
-1.056320400500625965e+03
-1.046307884856069904e+03
-1.036295369211514299e+03
-1.026282853566958693e+03
-1.016270337922403087e+03
-1.006257822277847481e+03
-9.962453066332914204e+02
-9.862327909887358146e+02
-9.762202753441802088e+02
-9.662077596996246029e+02
-9.561952440550689971e+02
-9.461827284105129365e+02
-9.361702127659573307e+02
-9.261576971214017249e+02
-9.161451814768461190e+02
-9.061326658322905132e+02
-8.961201501877344526e+02
-8.861076345431788468e+02
-8.760951188986232410e+02
-8.660826032540676351e+02
-8.560700876095120293e+02
-8.460575719649559687e+02
-8.360450563204003629e+02
-8.260325406758447571e+02
-8.160200250312891512e+02
-8.060075093867335454e+02
-7.959949937421779396e+02
-7.859824780976218790e+02
-7.759699624530662732e+02
-7.659574468085106673e+02
-7.559449311639550615e+02
-7.459324155193994557e+02
-7.359198998748433951e+02
-7.259073842302877893e+02
-7.158948685857321834e+02
-7.058823529411765776e+02
-6.958698372966209718e+02
-6.858573216520649112e+02
-6.758448060075093053e+02
-6.658322903629536995e+02
-6.558197747183980937e+02
-6.458072590738424879e+02
-6.357947434292864273e+02
-6.257822277847308214e+02
-6.157697121401752156e+02
-6.057571964956196098e+02
-5.957446808510640039e+02
-5.857321652065079434e+02
-5.757196495619523375e+02
-5.657071339173967317e+02
-5.556946182728411259e+02
-5.456821026282855200e+02
-5.356695869837294595e+02
-5.256570713391738536e+02
-5.156445556946182478e+02
-5.056320400500626420e+02
-4.956195244055070361e+02
-4.856070087609509756e+02
-4.755944931163953697e+02
-4.655819774718397639e+02
-4.555694618272841581e+02
-4.455569461827285522e+02
-4.355444305381724917e+02
-4.255319148936168858e+02
-4.155193992490612800e+02
-4.055068836045056742e+02
-3.954943679599500683e+02
-3.854818523153940077e+02
-3.754693366708384019e+02
-3.654568210262827961e+02
-3.554443053817271903e+02
-3.454317897371715844e+02
-3.354192740926159786e+02
-3.254067584480599180e+02
-3.153942428035043122e+02
-3.053817271589487063e+02
-2.953692115143931005e+02
-2.853566958698374947e+02
-2.753441802252814341e+02
-2.653316645807258283e+02
-2.553191489361702224e+02
-2.453066332916146166e+02
-2.352941176470590108e+02
-2.252816020025029502e+02
-2.152690863579473444e+02
-2.052565707133917385e+02
-1.952440550688361327e+02
-1.852315394242805269e+02
-1.752190237797244663e+02
-1.652065081351688605e+02
-1.551939924906132546e+02
-1.451814768460576488e+02
-1.351689612015020430e+02
-1.251564455569459824e+02
-1.151439299123903766e+02
-1.051314142678347707e+02
-9.511889862327916489e+01
-8.510638297872355906e+01
-7.509386733416749848e+01
-6.508135168961189265e+01
-5.506883604505628682e+01
-4.505632040050068099e+01
-3.504380475594507516e+01
-2.503128911138901458e+01
-1.501877346683340875e+01
-5.006257822277802916e+00
5.006257822277802916e+00
1.501877346683340875e+01
2.503128911138946933e+01
3.504380475594507516e+01
4.505632040050068099e+01
5.506883604505628682e+01
6.508135168961189265e+01
7.509386733416749848e+01
8.510638297872355906e+01
9.511889862327916489e+01
1.051314142678347707e+02
1.151439299123903766e+02
1.251564455569459824e+02
1.351689612015015882e+02
1.451814768460571941e+02
1.551939924906137094e+02
1.652065081351693152e+02
1.752190237797249210e+02
1.852315394242805269e+02
1.952440550688361327e+02
2.052565707133917385e+02
2.152690863579473444e+02
2.252816020025029502e+02
2.352941176470585560e+02
2.453066332916141619e+02
2.553191489361706772e+02
2.653316645807262830e+02
2.753441802252818889e+02
2.853566958698374947e+02
2.953692115143931005e+02
3.053817271589487063e+02
3.153942428035043122e+02
3.254067584480599180e+02
3.354192740926155238e+02
3.454317897371711297e+02
3.554443053817267355e+02
3.654568210262832508e+02
3.754693366708388567e+02
3.854818523153944625e+02
3.954943679599500683e+02
4.055068836045056742e+02
4.155193992490612800e+02
4.255319148936168858e+02
4.355444305381724917e+02
4.455569461827280975e+02
4.555694618272837033e+02
4.655819774718402186e+02
4.755944931163958245e+02
4.856070087609514303e+02
4.956195244055070361e+02
5.056320400500626420e+02
5.156445556946182478e+02
5.256570713391738536e+02
5.356695869837294595e+02
5.456821026282850653e+02
5.556946182728406711e+02
5.657071339173971865e+02
5.757196495619527923e+02
5.857321652065083981e+02
5.957446808510640039e+02
6.057571964956196098e+02
6.157697121401752156e+02
6.257822277847308214e+02
6.357947434292864273e+02
6.458072590738420331e+02
6.558197747183976389e+02
6.658322903629541543e+02
6.758448060075097601e+02
6.858573216520653659e+02
6.958698372966209718e+02
7.058823529411765776e+02
7.158948685857321834e+02
7.259073842302877893e+02
7.359198998748433951e+02
7.459324155193990009e+02
7.559449311639546067e+02
7.659574468085102126e+02
7.759699624530667279e+02
7.859824780976223337e+02
7.959949937421779396e+02
8.060075093867335454e+02
8.160200250312891512e+02
8.260325406758447571e+02
8.360450563204003629e+02
8.460575719649559687e+02
8.560700876095115746e+02
8.660826032540671804e+02
8.760951188986236957e+02
8.861076345431793015e+02
8.961201501877349074e+02
9.061326658322905132e+02
9.161451814768461190e+02
9.261576971214017249e+02
9.361702127659573307e+02
9.461827284105129365e+02
9.561952440550685424e+02
9.662077596996241482e+02
9.762202753441806635e+02
9.862327909887362694e+02
9.962453066332918752e+02
1.006257822277847481e+03
1.016270337922403087e+03
1.026282853566958693e+03
1.036295369211514299e+03
1.046307884856069904e+03
1.056320400500625510e+03
1.066332916145181116e+03
1.076345431789737631e+03
1.086357947434293237e+03
1.096370463078848843e+03
1.106382978723404449e+03
1.116395494367960055e+03
1.126408010012515660e+03
1.136420525657071266e+03
1.146433041301626872e+03
1.156445556946182478e+03
1.166458072590738084e+03
1.176470588235293690e+03
1.186483103879850205e+03
1.196495619524405811e+03
1.206508135168961417e+03
1.216520650813517022e+03
1.226533166458072628e+03
1.236545682102628234e+03
1.246558197747183840e+03
1.256570713391739446e+03
1.266583229036295052e+03
1.276595744680850657e+03
1.286608260325407173e+03
1.296620775969962779e+03
1.306633291614518384e+03
1.316645807259073990e+03
1.326658322903629596e+03
1.336670838548185202e+03
1.346683354192740808e+03
1.356695869837296414e+03
1.366708385481852019e+03
1.376720901126407625e+03
1.386733416770964141e+03
1.396745932415519746e+03
1.406758448060075352e+03
1.416770963704630958e+03
1.426783479349186564e+03
1.436795994993742170e+03
1.446808510638297776e+03
1.456821026282853381e+03
1.466833541927408987e+03
1.476846057571964593e+03
1.486858573216521108e+03
1.496871088861076714e+03
1.506883604505632320e+03
1.516896120150187926e+03
1.526908635794743532e+03
1.536921151439299138e+03
1.546933667083854743e+03
1.556946182728410349e+03
1.566958698372965955e+03
1.576971214017521561e+03
1.586983729662077167e+03
1.596996245306633682e+03
1.607008760951189288e+03
1.617021276595744894e+03
1.627033792240300500e+03
1.637046307884856105e+03
1.647058823529411711e+03
1.657071339173967317e+03
1.667083854818522923e+03
1.677096370463078529e+03
1.687108886107634135e+03
1.697121401752190650e+03
1.707133917396746256e+03
1.717146433041301862e+03
1.727158948685857467e+03
1.737171464330413073e+03
1.747183979974968679e+03
1.757196495619524285e+03
1.767209011264079891e+03
1.777221526908635497e+03
1.787234042553191102e+03
1.797246558197747618e+03
1.807259073842303224e+03
1.817271589486858829e+03
1.827284105131414435e+03
1.837296620775970041e+03
1.847309136420525647e+03
1.857321652065081253e+03
1.867334167709636858e+03
1.877346683354192464e+03
1.887359198998748070e+03
1.897371714643304585e+03
1.907384230287860191e+03
1.917396745932415797e+03
1.927409261576971403e+03
1.937421777221527009e+03
1.947434292866082615e+03
1.957446808510638220e+03
1.967459324155193826e+03
1.977471839799749432e+03
1.987484355444305038e+03
1.997496871088860644e+03
2.007509386733417159e+03
2.017521902377972765e+03
2.027534418022528371e+03
2.037546933667083977e+03
2.047559449311639582e+03
2.057571964956195188e+03
2.067584480600750794e+03
2.077596996245306400e+03
2.087609511889862006e+03
2.097622027534417612e+03
2.107634543178974127e+03
2.117647058823529733e+03
2.127659574468085339e+03
2.137672090112640944e+03
2.147684605757196550e+03
2.157697121401752156e+03
2.167709637046307762e+03
2.177722152690863368e+03
2.187734668335418974e+03
2.197747183979974579e+03
2.207759699624531095e+03
2.217772215269086701e+03
2.227784730913642306e+03
2.237797246558197912e+03
2.247809762202753518e+03
2.257822277847309124e+03
2.267834793491864730e+03
2.277847309136420336e+03
2.287859824780975941e+03
2.297872340425531547e+03
2.307884856070088063e+03
2.317897371714643668e+03
2.327909887359199274e+03
2.337922403003754880e+03
2.347934918648310486e+03
2.357947434292866092e+03
2.367959949937421698e+03
2.377972465581977303e+03
2.387984981226532909e+03
2.397997496871088515e+03
2.408010012515644121e+03
2.418022528160200636e+03
2.428035043804756242e+03
2.438047559449311848e+03
2.448060075093867454e+03
2.458072590738423060e+03
2.468085106382978665e+03
2.478097622027534271e+03
2.488110137672089877e+03
2.498122653316645483e+03
2.508135168961201089e+03
2.518147684605757604e+03
2.528160200250313210e+03
2.538172715894868816e+03
2.548185231539424421e+03
2.558197747183980027e+03
2.568210262828535633e+03
2.578222778473091239e+03
2.588235294117646845e+03
2.598247809762202451e+03
2.608260325406758056e+03
2.618272841051314572e+03
2.628285356695870178e+03
2.638297872340425783e+03
2.648310387984981389e+03
2.658322903629536995e+03
2.668335419274092601e+03
2.678347934918648207e+03
2.688360450563203813e+03
2.698372966207759418e+03
2.708385481852315024e+03
2.718397997496871540e+03
2.728410513141427145e+03
2.738423028785982751e+03
2.748435544430538357e+03
2.758448060075093963e+03
2.768460575719649569e+03
2.778473091364205175e+03
2.788485607008760780e+03
2.798498122653316386e+03
2.808510638297871992e+03
2.818523153942428507e+03
2.828535669586984113e+03
2.838548185231539719e+03
2.848560700876095325e+03
2.858573216520650931e+03
2.868585732165206537e+03
2.878598247809762142e+03
2.888610763454317748e+03
2.898623279098873354e+03
2.908635794743428960e+03
2.918648310387984566e+03
2.928660826032541081e+03
2.938673341677096687e+03
2.948685857321652293e+03
2.958698372966207899e+03
2.968710888610763504e+03
2.978723404255319110e+03
2.988735919899874716e+03
2.998748435544430322e+03
3.008760951188985928e+03
3.018773466833541534e+03
3.028785982478098049e+03
3.038798498122653655e+03
3.048811013767209261e+03
3.058823529411764866e+03
3.068836045056320472e+03
3.078848560700876078e+03
3.088861076345431684e+03
3.098873591989987290e+03
3.108886107634542896e+03
3.118898623279098501e+03
3.128911138923655017e+03
3.138923654568210623e+03
3.148936170212766228e+03
3.158948685857321834e+03
3.168961201501877440e+03
3.178973717146433046e+03
3.188986232790988652e+03
3.198998748435544258e+03
3.209011264080099863e+03
3.219023779724655469e+03
3.229036295369211985e+03
3.239048811013767590e+03
3.249061326658323196e+03
3.259073842302878802e+03
3.269086357947434408e+03
3.279098873591990014e+03
3.289111389236545619e+03
3.299123904881101225e+03
3.309136420525656831e+03
3.319148936170212437e+03
3.329161451814768043e+03
3.339173967459324558e+03
3.349186483103880164e+03
3.359198998748435770e+03
3.369211514392991376e+03
3.379224030037546981e+03
3.389236545682102587e+03
3.399249061326658193e+03
3.409261576971213799e+03
3.419274092615769405e+03
3.429286608260325011e+03
3.439299123904881526e+03
3.449311639549437132e+03
3.459324155193992738e+03
3.469336670838548343e+03
3.479349186483103949e+03
3.489361702127659555e+03
3.499374217772215161e+03
3.509386733416770767e+03
3.519399249061326373e+03
3.529411764705881978e+03
3.539424280350438494e+03
3.549436795994994100e+03
3.559449311639549705e+03
3.569461827284105311e+03
3.579474342928660917e+03
3.589486858573216523e+03
3.599499374217772129e+03
3.609511889862327735e+03
3.619524405506883340e+03
3.629536921151438946e+03
3.639549436795995462e+03
3.649561952440551067e+03
3.659574468085106673e+03
3.669586983729662279e+03
3.679599499374217885e+03
3.689612015018773491e+03
3.699624530663329097e+03
3.709637046307884702e+03
3.719649561952440308e+03
3.729662077596995914e+03
3.739674593241551520e+03
3.749687108886108035e+03
3.759699624530663641e+03
3.769712140175219247e+03
3.779724655819774853e+03
3.789737171464330459e+03
3.799749687108886064e+03
3.809762202753441670e+03
3.819774718397997276e+03
3.829787234042552882e+03
3.839799749687108488e+03
3.849812265331665003e+03
3.859824780976220609e+03
3.869837296620776215e+03
3.879849812265331821e+03
3.889862327909887426e+03
3.899874843554443032e+03
3.909887359198998638e+03
3.919899874843554244e+03
3.929912390488109850e+03
3.939924906132665456e+03
3.949937421777221971e+03
3.959949937421777577e+03
3.969962453066333183e+03
3.979974968710888788e+03
3.989987484355444394e+03
4.000000000000000000e+03
