   t=log(T)  r=log(rho)    log(R)    G=log(ross)    dG/dt       dG/dr
   3.500E+00  -1.000E+01  -2.500E+00  -4.055E+00   1.079E+01   2.935E-01
   3.500E+00  -9.900E+00  -2.400E+00  -4.024E+00   1.099E+01   3.231E-01
   3.500E+00  -9.800E+00  -2.300E+00  -3.991E+00   1.116E+01   3.533E-01
   3.500E+00  -9.700E+00  -2.200E+00  -3.954E+00   1.130E+01   3.842E-01
   3.500E+00  -9.600E+00  -2.100E+00  -3.914E+00   1.141E+01   4.156E-01
   3.500E+00  -9.500E+00  -2.000E+00  -3.871E+00   1.147E+01   4.477E-01
   3.500E+00  -9.400E+00  -1.900E+00  -3.824E+00   1.149E+01   4.791E-01
   3.500E+00  -9.300E+00  -1.800E+00  -3.775E+00   1.146E+01   5.086E-01
   3.500E+00  -9.200E+00  -1.700E+00  -3.723E+00   1.139E+01   5.362E-01
   3.500E+00  -9.100E+00  -1.600E+00  -3.668E+00   1.127E+01   5.620E-01
   3.500E+00  -9.000E+00  -1.500E+00  -3.610E+00   1.111E+01   5.858E-01
   3.500E+00  -8.900E+00  -1.400E+00  -3.551E+00   1.090E+01   6.079E-01
   3.500E+00  -8.800E+00  -1.300E+00  -3.489E+00   1.064E+01   6.282E-01
   3.500E+00  -8.700E+00  -1.200E+00  -3.425E+00   1.036E+01   6.469E-01
   3.500E+00  -8.600E+00  -1.100E+00  -3.359E+00   1.004E+01   6.638E-01
   3.500E+00  -8.500E+00  -1.000E+00  -3.292E+00   9.704E+00   6.791E-01
   3.500E+00  -8.400E+00  -9.000E-01  -3.224E+00   9.352E+00   6.927E-01
   3.500E+00  -8.300E+00  -8.000E-01  -3.154E+00   8.992E+00   7.048E-01
   3.500E+00  -8.200E+00  -7.000E-01  -3.083E+00   8.630E+00   7.155E-01
   3.500E+00  -8.100E+00  -6.000E-01  -3.011E+00   8.275E+00   7.246E-01
   3.500E+00  -8.000E+00  -5.000E-01  -2.938E+00   7.932E+00   7.323E-01
   3.500E+00  -7.900E+00  -4.000E-01  -2.864E+00   7.608E+00   7.386E-01
   3.500E+00  -7.800E+00  -3.000E-01  -2.790E+00   7.307E+00   7.438E-01
   3.500E+00  -7.700E+00  -2.000E-01  -2.716E+00   7.032E+00   7.480E-01
   3.500E+00  -7.600E+00  -1.000E-01  -2.641E+00   6.788E+00   7.510E-01
   3.500E+00  -7.500E+00   0.000E+00  -2.565E+00   6.578E+00   7.529E-01
   3.500E+00  -7.400E+00   1.000E-01  -2.490E+00   6.405E+00   7.539E-01
   3.500E+00  -7.300E+00   2.000E-01  -2.415E+00   6.269E+00   7.541E-01
   3.500E+00  -7.200E+00   3.000E-01  -2.339E+00   6.171E+00   7.535E-01
   3.500E+00  -7.100E+00   4.000E-01  -2.264E+00   6.111E+00   7.521E-01
   3.500E+00  -7.000E+00   5.000E-01  -2.189E+00   6.089E+00   7.500E-01
   3.500E+00  -6.900E+00   6.000E-01  -2.114E+00   6.104E+00   7.471E-01
   3.500E+00  -6.800E+00   7.000E-01  -2.040E+00   6.155E+00   7.435E-01
   3.500E+00  -6.700E+00   8.000E-01  -1.965E+00   6.240E+00   7.392E-01
   3.500E+00  -6.600E+00   9.000E-01  -1.892E+00   6.355E+00   7.343E-01
   3.500E+00  -6.500E+00   1.000E+00  -1.819E+00   6.500E+00   7.286E-01
   3.500E+00  -6.400E+00   1.100E+00  -1.746E+00   6.669E+00   7.223E-01
   3.500E+00  -6.300E+00   1.200E+00  -1.674E+00   6.860E+00   7.154E-01
   3.500E+00  -6.200E+00   1.300E+00  -1.603E+00   7.066E+00   7.079E-01
   3.500E+00  -6.100E+00   1.400E+00  -1.533E+00   7.281E+00   6.997E-01
   3.500E+00  -6.000E+00   1.500E+00  -1.463E+00   7.502E+00   6.910E-01
   3.500E+00  -5.900E+00   1.600E+00  -1.394E+00   7.723E+00   6.815E-01
   3.500E+00  -5.800E+00   1.700E+00  -1.327E+00   7.945E+00   6.712E-01
   3.500E+00  -5.700E+00   1.800E+00  -1.260E+00   8.172E+00   6.601E-01
   3.500E+00  -5.600E+00   1.900E+00  -1.195E+00   8.403E+00   6.483E-01
   3.500E+00  -5.500E+00   2.000E+00  -1.131E+00   8.642E+00   6.357E-01
   3.500E+00  -5.400E+00   2.100E+00  -1.068E+00   8.888E+00   6.226E-01
   3.500E+00  -5.300E+00   2.200E+00  -1.006E+00   9.136E+00   6.095E-01
   3.500E+00  -5.200E+00   2.300E+00  -9.457E-01   9.382E+00   5.964E-01
   3.500E+00  -5.100E+00   2.400E+00  -8.867E-01   9.620E+00   5.832E-01
   3.600E+00  -1.000E+01  -2.800E+00  -3.532E+00   1.227E+00   5.974E-01
   3.600E+00  -9.900E+00  -2.700E+00  -3.470E+00   1.251E+00   6.306E-01
   3.600E+00  -9.800E+00  -2.600E+00  -3.406E+00   1.320E+00   6.610E-01
   3.600E+00  -9.700E+00  -2.500E+00  -3.338E+00   1.434E+00   6.885E-01
   3.600E+00  -9.600E+00  -2.400E+00  -3.268E+00   1.594E+00   7.124E-01
   3.600E+00  -9.500E+00  -2.300E+00  -3.196E+00   1.797E+00   7.320E-01
   3.600E+00  -9.400E+00  -2.200E+00  -3.122E+00   2.041E+00   7.472E-01
   3.600E+00  -9.300E+00  -2.100E+00  -3.046E+00   2.319E+00   7.581E-01
   3.600E+00  -9.200E+00  -2.000E+00  -2.970E+00   2.628E+00   7.646E-01
   3.600E+00  -9.100E+00  -1.900E+00  -2.894E+00   2.959E+00   7.680E-01
   3.600E+00  -9.000E+00  -1.800E+00  -2.817E+00   3.305E+00   7.693E-01
   3.600E+00  -8.900E+00  -1.700E+00  -2.740E+00   3.661E+00   7.685E-01
   3.600E+00  -8.800E+00  -1.600E+00  -2.663E+00   4.021E+00   7.656E-01
   3.600E+00  -8.700E+00  -1.500E+00  -2.587E+00   4.381E+00   7.607E-01
   3.600E+00  -8.600E+00  -1.400E+00  -2.511E+00   4.735E+00   7.544E-01
   3.600E+00  -8.500E+00  -1.300E+00  -2.436E+00   5.079E+00   7.474E-01
   3.600E+00  -8.400E+00  -1.200E+00  -2.362E+00   5.412E+00   7.396E-01
   3.600E+00  -8.300E+00  -1.100E+00  -2.288E+00   5.731E+00   7.310E-01
   3.600E+00  -8.200E+00  -1.000E+00  -2.215E+00   6.036E+00   7.217E-01
   3.600E+00  -8.100E+00  -9.000E-01  -2.144E+00   6.324E+00   7.122E-01
   3.600E+00  -8.000E+00  -8.000E-01  -2.073E+00   6.593E+00   7.028E-01
   3.600E+00  -7.900E+00  -7.000E-01  -2.003E+00   6.842E+00   6.936E-01
   3.600E+00  -7.800E+00  -6.000E-01  -1.934E+00   7.072E+00   6.846E-01
   3.600E+00  -7.700E+00  -5.000E-01  -1.866E+00   7.281E+00   6.759E-01
   3.600E+00  -7.600E+00  -4.000E-01  -1.799E+00   7.468E+00   6.677E-01
   3.600E+00  -7.500E+00  -3.000E-01  -1.733E+00   7.631E+00   6.607E-01
   3.600E+00  -7.400E+00  -2.000E-01  -1.667E+00   7.769E+00   6.548E-01
   3.600E+00  -7.300E+00  -1.000E-01  -1.602E+00   7.882E+00   6.500E-01
   3.600E+00  -7.200E+00   0.000E+00  -1.537E+00   7.968E+00   6.463E-01
   3.600E+00  -7.100E+00   1.000E-01  -1.472E+00   8.028E+00   6.436E-01
   3.600E+00  -7.000E+00   2.000E-01  -1.408E+00   8.063E+00   6.417E-01
   3.600E+00  -6.900E+00   3.000E-01  -1.344E+00   8.075E+00   6.406E-01
   3.600E+00  -6.800E+00   4.000E-01  -1.280E+00   8.063E+00   6.405E-01
   3.600E+00  -6.700E+00   5.000E-01  -1.216E+00   8.031E+00   6.411E-01
   3.600E+00  -6.600E+00   6.000E-01  -1.152E+00   7.978E+00   6.425E-01
   3.600E+00  -6.500E+00   7.000E-01  -1.087E+00   7.907E+00   6.445E-01
   3.600E+00  -6.400E+00   8.000E-01  -1.023E+00   7.821E+00   6.471E-01
   3.600E+00  -6.300E+00   9.000E-01  -9.579E-01   7.721E+00   6.503E-01
   3.600E+00  -6.200E+00   1.000E+00  -8.926E-01   7.610E+00   6.542E-01
   3.600E+00  -6.100E+00   1.100E+00  -8.270E-01   7.491E+00   6.582E-01
   3.600E+00  -6.000E+00   1.200E+00  -7.610E-01   7.366E+00   6.622E-01
   3.600E+00  -5.900E+00   1.300E+00  -6.946E-01   7.239E+00   6.660E-01
   3.600E+00  -5.800E+00   1.400E+00  -6.278E-01   7.110E+00   6.697E-01
   3.600E+00  -5.700E+00   1.500E+00  -5.607E-01   6.982E+00   6.732E-01
   3.600E+00  -5.600E+00   1.600E+00  -4.932E-01   6.857E+00   6.766E-01
   3.600E+00  -5.500E+00   1.700E+00  -4.254E-01   6.737E+00   6.795E-01
   3.600E+00  -5.400E+00   1.800E+00  -3.573E-01   6.624E+00   6.822E-01
   3.600E+00  -5.300E+00   1.900E+00  -2.889E-01   6.519E+00   6.845E-01
   3.600E+00  -5.200E+00   2.000E+00  -2.204E-01   6.423E+00   6.865E-01
   3.600E+00  -5.100E+00   2.100E+00  -1.517E-01   6.341E+00   6.873E-01
   3.700E+00  -1.000E+01  -3.100E+00  -2.889E+00   1.281E+01   2.374E-01
   3.700E+00  -9.900E+00  -3.000E+00  -2.863E+00   1.258E+01   2.787E-01
   3.700E+00  -9.800E+00  -2.900E+00  -2.833E+00   1.230E+01   3.187E-01
   3.700E+00  -9.700E+00  -2.800E+00  -2.799E+00   1.200E+01   3.563E-01
   3.700E+00  -9.600E+00  -2.700E+00  -2.762E+00   1.166E+01   3.915E-01
   3.700E+00  -9.500E+00  -2.600E+00  -2.721E+00   1.129E+01   4.242E-01
   3.700E+00  -9.400E+00  -2.500E+00  -2.677E+00   1.089E+01   4.545E-01
   3.700E+00  -9.300E+00  -2.400E+00  -2.630E+00   1.046E+01   4.831E-01
   3.700E+00  -9.200E+00  -2.300E+00  -2.580E+00   1.000E+01   5.109E-01
   3.700E+00  -9.100E+00  -2.200E+00  -2.528E+00   9.512E+00   5.378E-01
   3.700E+00  -9.000E+00  -2.100E+00  -2.473E+00   9.002E+00   5.639E-01
   3.700E+00  -8.900E+00  -2.000E+00  -2.415E+00   8.474E+00   5.892E-01
   3.700E+00  -8.800E+00  -1.900E+00  -2.355E+00   7.932E+00   6.141E-01
   3.700E+00  -8.700E+00  -1.800E+00  -2.292E+00   7.381E+00   6.393E-01
   3.700E+00  -8.600E+00  -1.700E+00  -2.227E+00   6.825E+00   6.647E-01
   3.700E+00  -8.500E+00  -1.600E+00  -2.159E+00   6.272E+00   6.904E-01
   3.700E+00  -8.400E+00  -1.500E+00  -2.089E+00   5.728E+00   7.163E-01
   3.700E+00  -8.300E+00  -1.400E+00  -2.016E+00   5.200E+00   7.414E-01
   3.700E+00  -8.200E+00  -1.300E+00  -1.941E+00   4.696E+00   7.648E-01
   3.700E+00  -8.100E+00  -1.200E+00  -1.863E+00   4.219E+00   7.866E-01
   3.700E+00  -8.000E+00  -1.100E+00  -1.784E+00   3.772E+00   8.066E-01
   3.700E+00  -7.900E+00  -1.000E+00  -1.702E+00   3.358E+00   8.248E-01
   3.700E+00  -7.800E+00  -9.000E-01  -1.619E+00   2.983E+00   8.405E-01
   3.700E+00  -7.700E+00  -8.000E-01  -1.534E+00   2.652E+00   8.526E-01
   3.700E+00  -7.600E+00  -7.000E-01  -1.448E+00   2.367E+00   8.613E-01
   3.700E+00  -7.500E+00  -6.000E-01  -1.362E+00   2.130E+00   8.664E-01
   3.700E+00  -7.400E+00  -5.000E-01  -1.275E+00   1.943E+00   8.680E-01
   3.700E+00  -7.300E+00  -4.000E-01  -1.188E+00   1.805E+00   8.668E-01
   3.700E+00  -7.200E+00  -3.000E-01  -1.102E+00   1.716E+00   8.637E-01
   3.700E+00  -7.100E+00  -2.000E-01  -1.016E+00   1.674E+00   8.587E-01
   3.700E+00  -7.000E+00  -1.000E-01  -9.303E-01   1.680E+00   8.516E-01
   3.700E+00  -6.900E+00   0.000E+00  -8.455E-01   1.735E+00   8.426E-01
   3.700E+00  -6.800E+00   1.000E-01  -7.618E-01   1.834E+00   8.324E-01
   3.700E+00  -6.700E+00   2.000E-01  -6.791E-01   1.973E+00   8.218E-01
   3.700E+00  -6.600E+00   3.000E-01  -5.974E-01   2.145E+00   8.109E-01
   3.700E+00  -6.500E+00   4.000E-01  -5.169E-01   2.345E+00   7.995E-01
   3.700E+00  -6.400E+00   5.000E-01  -4.375E-01   2.570E+00   7.878E-01
   3.700E+00  -6.300E+00   6.000E-01  -3.594E-01   2.812E+00   7.758E-01
   3.700E+00  -6.200E+00   7.000E-01  -2.824E-01   3.068E+00   7.636E-01
   3.700E+00  -6.100E+00   8.000E-01  -2.066E-01   3.331E+00   7.513E-01
   3.700E+00  -6.000E+00   9.000E-01  -1.321E-01   3.597E+00   7.387E-01
   3.700E+00  -5.900E+00   1.000E+00  -5.891E-02   3.860E+00   7.259E-01
   3.700E+00  -5.800E+00   1.100E+00   1.305E-02   4.115E+00   7.135E-01
   3.700E+00  -5.700E+00   1.200E+00   8.381E-02   4.357E+00   7.018E-01
   3.700E+00  -5.600E+00   1.300E+00   1.534E-01   4.586E+00   6.909E-01
   3.700E+00  -5.500E+00   1.400E+00   2.220E-01   4.798E+00   6.808E-01
   3.700E+00  -5.400E+00   1.500E+00   2.896E-01   4.992E+00   6.715E-01
   3.700E+00  -5.300E+00   1.600E+00   3.563E-01   5.168E+00   6.628E-01
   3.700E+00  -5.200E+00   1.700E+00   4.222E-01   5.325E+00   6.544E-01
   3.700E+00  -5.100E+00   1.800E+00   4.872E-01   5.462E+00   6.463E-01
   3.800E+00  -1.000E+01  -3.400E+00  -1.485E+00   1.516E+01   9.542E-02
   3.800E+00  -9.900E+00  -3.300E+00  -1.474E+00   1.502E+01   1.275E-01
   3.800E+00  -9.800E+00  -3.200E+00  -1.459E+00   1.485E+01   1.588E-01
   3.800E+00  -9.700E+00  -3.100E+00  -1.442E+00   1.468E+01   1.894E-01
   3.800E+00  -9.600E+00  -3.000E+00  -1.421E+00   1.449E+01   2.194E-01
   3.800E+00  -9.500E+00  -2.900E+00  -1.398E+00   1.430E+01   2.475E-01
   3.800E+00  -9.400E+00  -2.800E+00  -1.372E+00   1.411E+01   2.729E-01
   3.800E+00  -9.300E+00  -2.700E+00  -1.344E+00   1.392E+01   2.956E-01
   3.800E+00  -9.200E+00  -2.600E+00  -1.313E+00   1.373E+01   3.154E-01
   3.800E+00  -9.100E+00  -2.500E+00  -1.281E+00   1.355E+01   3.326E-01
   3.800E+00  -9.000E+00  -2.400E+00  -1.246E+00   1.337E+01   3.477E-01
   3.800E+00  -8.900E+00  -2.300E+00  -1.211E+00   1.319E+01   3.615E-01
   3.800E+00  -8.800E+00  -2.200E+00  -1.174E+00   1.301E+01   3.741E-01
   3.800E+00  -8.700E+00  -2.100E+00  -1.136E+00   1.284E+01   3.854E-01
   3.800E+00  -8.600E+00  -2.000E+00  -1.097E+00   1.267E+01   3.955E-01
   3.800E+00  -8.500E+00  -1.900E+00  -1.057E+00   1.251E+01   4.047E-01
   3.800E+00  -8.400E+00  -1.800E+00  -1.016E+00   1.236E+01   4.134E-01
   3.800E+00  -8.300E+00  -1.700E+00  -9.745E-01   1.220E+01   4.216E-01
   3.800E+00  -8.200E+00  -1.600E+00  -9.320E-01   1.206E+01   4.293E-01
   3.800E+00  -8.100E+00  -1.500E+00  -8.887E-01   1.191E+01   4.366E-01
   3.800E+00  -8.000E+00  -1.400E+00  -8.447E-01   1.177E+01   4.436E-01
   3.800E+00  -7.900E+00  -1.300E+00  -8.000E-01   1.164E+01   4.506E-01
   3.800E+00  -7.800E+00  -1.200E+00  -7.545E-01   1.150E+01   4.577E-01
   3.800E+00  -7.700E+00  -1.100E+00  -7.084E-01   1.136E+01   4.647E-01
   3.800E+00  -7.600E+00  -1.000E+00  -6.616E-01   1.121E+01   4.718E-01
   3.800E+00  -7.500E+00  -9.000E-01  -6.140E-01   1.106E+01   4.792E-01
   3.800E+00  -7.400E+00  -8.000E-01  -5.657E-01   1.089E+01   4.871E-01
   3.800E+00  -7.300E+00  -7.000E-01  -5.166E-01   1.071E+01   4.955E-01
   3.800E+00  -7.200E+00  -6.000E-01  -4.666E-01   1.052E+01   5.045E-01
   3.800E+00  -7.100E+00  -5.000E-01  -4.157E-01   1.030E+01   5.140E-01
   3.800E+00  -7.000E+00  -4.000E-01  -3.638E-01   1.007E+01   5.240E-01
   3.800E+00  -6.900E+00  -3.000E-01  -3.109E-01   9.808E+00   5.347E-01
   3.800E+00  -6.800E+00  -2.000E-01  -2.568E-01   9.530E+00   5.461E-01
   3.800E+00  -6.700E+00  -1.000E-01  -2.016E-01   9.231E+00   5.581E-01
   3.800E+00  -6.600E+00   0.000E+00  -1.452E-01   8.911E+00   5.707E-01
   3.800E+00  -6.500E+00   1.000E-01  -8.747E-02   8.572E+00   5.841E-01
   3.800E+00  -6.400E+00   2.000E-01  -2.837E-02   8.216E+00   5.981E-01
   3.800E+00  -6.300E+00   3.000E-01   3.218E-02   7.848E+00   6.130E-01
   3.800E+00  -6.200E+00   4.000E-01   9.425E-02   7.470E+00   6.286E-01
   3.800E+00  -6.100E+00   5.000E-01   1.579E-01   7.088E+00   6.449E-01
   3.800E+00  -6.000E+00   6.000E-01   2.232E-01   6.706E+00   6.610E-01
   3.800E+00  -5.900E+00   7.000E-01   2.901E-01   6.333E+00   6.760E-01
   3.800E+00  -5.800E+00   8.000E-01   3.584E-01   5.972E+00   6.899E-01
   3.800E+00  -5.700E+00   9.000E-01   4.280E-01   5.627E+00   7.025E-01
   3.800E+00  -5.600E+00   1.000E+00   4.989E-01   5.302E+00   7.141E-01
   3.800E+00  -5.500E+00   1.100E+00   5.708E-01   5.003E+00   7.241E-01
   3.800E+00  -5.400E+00   1.200E+00   6.436E-01   4.731E+00   7.323E-01
   3.800E+00  -5.300E+00   1.300E+00   7.172E-01   4.488E+00   7.388E-01
   3.800E+00  -5.200E+00   1.400E+00   7.913E-01   4.276E+00   7.434E-01
   3.800E+00  -5.100E+00   1.500E+00   8.658E-01   4.094E+00   7.462E-01
   3.900E+00  -1.000E+01  -3.700E+00   8.281E-03   1.312E+01   1.376E-01
   3.900E+00  -9.900E+00  -3.600E+00   2.205E-02   1.342E+01   1.379E-01
   3.900E+00  -9.800E+00  -3.500E+00   3.589E-02   1.367E+01   1.390E-01
   3.900E+00  -9.700E+00  -3.400E+00   4.989E-02   1.387E+01   1.411E-01
   3.900E+00  -9.600E+00  -3.300E+00   6.413E-02   1.402E+01   1.440E-01
   3.900E+00  -9.500E+00  -3.200E+00   7.871E-02   1.413E+01   1.478E-01
   3.900E+00  -9.400E+00  -3.100E+00   9.372E-02   1.420E+01   1.524E-01
   3.900E+00  -9.300E+00  -3.000E+00   1.092E-01   1.424E+01   1.580E-01
   3.900E+00  -9.200E+00  -2.900E+00   1.253E-01   1.425E+01   1.642E-01
   3.900E+00  -9.100E+00  -2.800E+00   1.421E-01   1.424E+01   1.708E-01
   3.900E+00  -9.000E+00  -2.700E+00   1.595E-01   1.420E+01   1.779E-01
   3.900E+00  -8.900E+00  -2.600E+00   1.777E-01   1.413E+01   1.854E-01
   3.900E+00  -8.800E+00  -2.500E+00   1.966E-01   1.404E+01   1.933E-01
   3.900E+00  -8.700E+00  -2.400E+00   2.163E-01   1.394E+01   2.015E-01
   3.900E+00  -8.600E+00  -2.300E+00   2.369E-01   1.381E+01   2.101E-01
   3.900E+00  -8.500E+00  -2.200E+00   2.584E-01   1.367E+01   2.190E-01
   3.900E+00  -8.400E+00  -2.100E+00   2.807E-01   1.351E+01   2.283E-01
   3.900E+00  -8.300E+00  -2.000E+00   3.040E-01   1.334E+01   2.378E-01
   3.900E+00  -8.200E+00  -1.900E+00   3.283E-01   1.317E+01   2.475E-01
   3.900E+00  -8.100E+00  -1.800E+00   3.535E-01   1.299E+01   2.571E-01
   3.900E+00  -8.000E+00  -1.700E+00   3.797E-01   1.280E+01   2.666E-01
   3.900E+00  -7.900E+00  -1.600E+00   4.069E-01   1.262E+01   2.761E-01
   3.900E+00  -7.800E+00  -1.500E+00   4.349E-01   1.243E+01   2.855E-01
   3.900E+00  -7.700E+00  -1.400E+00   4.640E-01   1.224E+01   2.947E-01
   3.900E+00  -7.600E+00  -1.300E+00   4.939E-01   1.205E+01   3.037E-01
   3.900E+00  -7.500E+00  -1.200E+00   5.247E-01   1.186E+01   3.126E-01
   3.900E+00  -7.400E+00  -1.100E+00   5.564E-01   1.167E+01   3.212E-01
   3.900E+00  -7.300E+00  -1.000E+00   5.889E-01   1.148E+01   3.297E-01
   3.900E+00  -7.200E+00  -9.000E-01   6.223E-01   1.130E+01   3.381E-01
   3.900E+00  -7.100E+00  -8.000E-01   6.566E-01   1.112E+01   3.465E-01
   3.900E+00  -7.000E+00  -7.000E-01   6.916E-01   1.094E+01   3.550E-01
   3.900E+00  -6.900E+00  -6.000E-01   7.276E-01   1.076E+01   3.636E-01
   3.900E+00  -6.800E+00  -5.000E-01   7.644E-01   1.058E+01   3.723E-01
   3.900E+00  -6.700E+00  -4.000E-01   8.020E-01   1.041E+01   3.811E-01
   3.900E+00  -6.600E+00  -3.000E-01   8.406E-01   1.024E+01   3.900E-01
   3.900E+00  -6.500E+00  -2.000E-01   8.800E-01   1.007E+01   3.990E-01
   3.900E+00  -6.400E+00  -1.000E-01   9.204E-01   9.903E+00   4.081E-01
   3.900E+00  -6.300E+00   0.000E+00   9.616E-01   9.736E+00   4.173E-01
   3.900E+00  -6.200E+00   1.000E-01   1.004E+00   9.569E+00   4.266E-01
   3.900E+00  -6.100E+00   2.000E-01   1.047E+00   9.402E+00   4.358E-01
   3.900E+00  -6.000E+00   3.000E-01   1.091E+00   9.237E+00   4.449E-01
   3.900E+00  -5.900E+00   4.000E-01   1.136E+00   9.073E+00   4.541E-01
   3.900E+00  -5.800E+00   5.000E-01   1.182E+00   8.910E+00   4.631E-01
   3.900E+00  -5.700E+00   6.000E-01   1.229E+00   8.748E+00   4.721E-01
   3.900E+00  -5.600E+00   7.000E-01   1.276E+00   8.587E+00   4.811E-01
   3.900E+00  -5.500E+00   8.000E-01   1.325E+00   8.426E+00   4.900E-01
   3.900E+00  -5.400E+00   9.000E-01   1.374E+00   8.266E+00   4.989E-01
   3.900E+00  -5.300E+00   1.000E+00   1.425E+00   8.106E+00   5.077E-01
   3.900E+00  -5.200E+00   1.100E+00   1.476E+00   7.946E+00   5.162E-01
   3.900E+00  -5.100E+00   1.200E+00   1.528E+00   7.786E+00   5.242E-01
   4.000E+00  -1.000E+01  -4.000E+00   6.590E-01  -5.170E-01   7.304E-01
   4.000E+00  -9.900E+00  -3.900E+00   7.314E-01  -2.397E-02   7.158E-01
   4.000E+00  -9.800E+00  -3.800E+00   8.020E-01   5.191E-01   6.964E-01
   4.000E+00  -9.700E+00  -3.700E+00   8.705E-01   1.106E+00   6.723E-01
   4.000E+00  -9.600E+00  -3.600E+00   9.363E-01   1.730E+00   6.434E-01
   4.000E+00  -9.500E+00  -3.500E+00   9.990E-01   2.384E+00   6.098E-01
   4.000E+00  -9.400E+00  -3.400E+00   1.058E+00   3.054E+00   5.742E-01
   4.000E+00  -9.300E+00  -3.300E+00   1.114E+00   3.724E+00   5.394E-01
   4.000E+00  -9.200E+00  -3.200E+00   1.166E+00   4.386E+00   5.055E-01
   4.000E+00  -9.100E+00  -3.100E+00   1.215E+00   5.031E+00   4.723E-01
   4.000E+00  -9.000E+00  -3.000E+00   1.261E+00   5.653E+00   4.400E-01
   4.000E+00  -8.900E+00  -2.900E+00   1.303E+00   6.242E+00   4.090E-01
   4.000E+00  -8.800E+00  -2.800E+00   1.343E+00   6.793E+00   3.801E-01
   4.000E+00  -8.700E+00  -2.700E+00   1.379E+00   7.303E+00   3.533E-01
   4.000E+00  -8.600E+00  -2.600E+00   1.413E+00   7.771E+00   3.285E-01
   4.000E+00  -8.500E+00  -2.500E+00   1.445E+00   8.192E+00   3.057E-01
   4.000E+00  -8.400E+00  -2.400E+00   1.474E+00   8.565E+00   2.852E-01
   4.000E+00  -8.300E+00  -2.300E+00   1.502E+00   8.890E+00   2.673E-01
   4.000E+00  -8.200E+00  -2.200E+00   1.528E+00   9.171E+00   2.519E-01
   4.000E+00  -8.100E+00  -2.100E+00   1.553E+00   9.411E+00   2.391E-01
   4.000E+00  -8.000E+00  -2.000E+00   1.576E+00   9.612E+00   2.288E-01
   4.000E+00  -7.900E+00  -1.900E+00   1.598E+00   9.780E+00   2.206E-01
   4.000E+00  -7.800E+00  -1.800E+00   1.620E+00   9.917E+00   2.137E-01
   4.000E+00  -7.700E+00  -1.700E+00   1.641E+00   1.003E+01   2.081E-01
   4.000E+00  -7.600E+00  -1.600E+00   1.662E+00   1.011E+01   2.040E-01
   4.000E+00  -7.500E+00  -1.500E+00   1.682E+00   1.016E+01   2.012E-01
   4.000E+00  -7.400E+00  -1.400E+00   1.702E+00   1.020E+01   1.998E-01
   4.000E+00  -7.300E+00  -1.300E+00   1.722E+00   1.021E+01   1.996E-01
   4.000E+00  -7.200E+00  -1.200E+00   1.742E+00   1.020E+01   2.007E-01
   4.000E+00  -7.100E+00  -1.100E+00   1.762E+00   1.018E+01   2.031E-01
   4.000E+00  -7.000E+00  -1.000E+00   1.783E+00   1.013E+01   2.067E-01
   4.000E+00  -6.900E+00  -9.000E-01   1.804E+00   1.007E+01   2.112E-01
   4.000E+00  -6.800E+00  -8.000E-01   1.825E+00   1.000E+01   2.163E-01
   4.000E+00  -6.700E+00  -7.000E-01   1.847E+00   9.913E+00   2.219E-01
   4.000E+00  -6.600E+00  -6.000E-01   1.869E+00   9.814E+00   2.280E-01
   4.000E+00  -6.500E+00  -5.000E-01   1.892E+00   9.705E+00   2.346E-01
   4.000E+00  -6.400E+00  -4.000E-01   1.916E+00   9.586E+00   2.417E-01
   4.000E+00  -6.300E+00  -3.000E-01   1.941E+00   9.458E+00   2.493E-01
   4.000E+00  -6.200E+00  -2.000E-01   1.966E+00   9.323E+00   2.573E-01
   4.000E+00  -6.100E+00  -1.000E-01   1.992E+00   9.181E+00   2.658E-01
   4.000E+00  -6.000E+00   0.000E+00   2.019E+00   9.033E+00   2.747E-01
   4.000E+00  -5.900E+00   1.000E-01   2.047E+00   8.881E+00   2.838E-01
   4.000E+00  -5.800E+00   2.000E-01   2.076E+00   8.725E+00   2.929E-01
   4.000E+00  -5.700E+00   3.000E-01   2.106E+00   8.567E+00   3.020E-01
   4.000E+00  -5.600E+00   4.000E-01   2.136E+00   8.406E+00   3.111E-01
   4.000E+00  -5.500E+00   5.000E-01   2.168E+00   8.242E+00   3.201E-01
   4.000E+00  -5.400E+00   6.000E-01   2.200E+00   8.077E+00   3.291E-01
   4.000E+00  -5.300E+00   7.000E-01   2.234E+00   7.909E+00   3.380E-01
   4.000E+00  -5.200E+00   8.000E-01   2.268E+00   7.741E+00   3.468E-01
   4.000E+00  -5.100E+00   9.000E-01   2.303E+00   7.571E+00   3.555E-01
   4.100E+00  -1.000E+01  -4.300E+00   3.524E-01  -3.682E+00   7.910E-01
   4.100E+00  -9.900E+00  -4.200E+00   4.331E-01  -3.878E+00   8.206E-01
   4.100E+00  -9.800E+00  -4.100E+00   5.164E-01  -4.043E+00   8.459E-01
   4.100E+00  -9.700E+00  -4.000E+00   6.021E-01  -4.173E+00   8.670E-01
   4.100E+00  -9.600E+00  -3.900E+00   6.897E-01  -4.268E+00   8.844E-01
   4.100E+00  -9.500E+00  -3.800E+00   7.789E-01  -4.327E+00   8.984E-01
   4.100E+00  -9.400E+00  -3.700E+00   8.693E-01  -4.350E+00   9.091E-01
   4.100E+00  -9.300E+00  -3.600E+00   9.606E-01  -4.338E+00   9.166E-01
   4.100E+00  -9.200E+00  -3.500E+00   1.052E+00  -4.289E+00   9.207E-01
   4.100E+00  -9.100E+00  -3.400E+00   1.145E+00  -4.203E+00   9.210E-01
   4.100E+00  -9.000E+00  -3.300E+00   1.237E+00  -4.075E+00   9.171E-01
   4.100E+00  -8.900E+00  -3.200E+00   1.328E+00  -3.903E+00   9.089E-01
   4.100E+00  -8.800E+00  -3.100E+00   1.418E+00  -3.683E+00   8.965E-01
   4.100E+00  -8.700E+00  -3.000E+00   1.507E+00  -3.413E+00   8.798E-01
   4.100E+00  -8.600E+00  -2.900E+00   1.594E+00  -3.093E+00   8.593E-01
   4.100E+00  -8.500E+00  -2.800E+00   1.679E+00  -2.725E+00   8.357E-01
   4.100E+00  -8.400E+00  -2.700E+00   1.761E+00  -2.311E+00   8.088E-01
   4.100E+00  -8.300E+00  -2.600E+00   1.840E+00  -1.853E+00   7.788E-01
   4.100E+00  -8.200E+00  -2.500E+00   1.917E+00  -1.353E+00   7.456E-01
   4.100E+00  -8.100E+00  -2.400E+00   1.990E+00  -8.181E-01   7.105E-01
   4.100E+00  -8.000E+00  -2.300E+00   2.059E+00  -2.605E-01   6.749E-01
   4.100E+00  -7.900E+00  -2.200E+00   2.124E+00   3.105E-01   6.387E-01
   4.100E+00  -7.800E+00  -2.100E+00   2.186E+00   8.856E-01   6.020E-01
   4.100E+00  -7.700E+00  -2.000E+00   2.245E+00   1.455E+00   5.648E-01
   4.100E+00  -7.600E+00  -1.900E+00   2.299E+00   2.009E+00   5.280E-01
   4.100E+00  -7.500E+00  -1.800E+00   2.350E+00   2.539E+00   4.926E-01
   4.100E+00  -7.400E+00  -1.700E+00   2.398E+00   3.043E+00   4.586E-01
   4.100E+00  -7.300E+00  -1.600E+00   2.442E+00   3.518E+00   4.260E-01
   4.100E+00  -7.200E+00  -1.500E+00   2.483E+00   3.961E+00   3.948E-01
   4.100E+00  -7.100E+00  -1.400E+00   2.521E+00   4.367E+00   3.659E-01
   4.100E+00  -7.000E+00  -1.300E+00   2.557E+00   4.734E+00   3.402E-01
   4.100E+00  -6.900E+00  -1.200E+00   2.589E+00   5.064E+00   3.177E-01
   4.100E+00  -6.800E+00  -1.100E+00   2.620E+00   5.357E+00   2.984E-01
   4.100E+00  -6.700E+00  -1.000E+00   2.649E+00   5.616E+00   2.823E-01
   4.100E+00  -6.600E+00  -9.000E-01   2.677E+00   5.843E+00   2.686E-01
   4.100E+00  -6.500E+00  -8.000E-01   2.703E+00   6.042E+00   2.565E-01
   4.100E+00  -6.400E+00  -7.000E-01   2.728E+00   6.214E+00   2.459E-01
   4.100E+00  -6.300E+00  -6.000E-01   2.752E+00   6.361E+00   2.370E-01
   4.100E+00  -6.200E+00  -5.000E-01   2.776E+00   6.484E+00   2.297E-01
   4.100E+00  -6.100E+00  -4.000E-01   2.798E+00   6.583E+00   2.237E-01
   4.100E+00  -6.000E+00  -3.000E-01   2.820E+00   6.660E+00   2.191E-01
   4.100E+00  -5.900E+00  -2.000E-01   2.842E+00   6.717E+00   2.157E-01
   4.100E+00  -5.800E+00  -1.000E-01   2.863E+00   6.754E+00   2.136E-01
   4.100E+00  -5.700E+00   0.000E+00   2.885E+00   6.771E+00   2.127E-01
   4.100E+00  -5.600E+00   1.000E-01   2.906E+00   6.772E+00   2.129E-01
   4.100E+00  -5.500E+00   2.000E-01   2.927E+00   6.756E+00   2.139E-01
   4.100E+00  -5.400E+00   3.000E-01   2.949E+00   6.727E+00   2.158E-01
   4.100E+00  -5.300E+00   4.000E-01   2.971E+00   6.684E+00   2.185E-01
   4.100E+00  -5.200E+00   5.000E-01   2.993E+00   6.631E+00   2.221E-01
   4.100E+00  -5.100E+00   6.000E-01   3.015E+00   6.567E+00   2.265E-01
   4.200E+00  -1.000E+01  -4.600E+00   9.878E-02  -1.937E+00   5.797E-01
   4.200E+00  -9.900E+00  -4.500E+00   1.586E-01  -2.099E+00   6.158E-01
   4.200E+00  -9.800E+00  -4.400E+00   2.219E-01  -2.254E+00   6.504E-01
   4.200E+00  -9.700E+00  -4.300E+00   2.886E-01  -2.400E+00   6.827E-01
   4.200E+00  -9.600E+00  -4.200E+00   3.583E-01  -2.538E+00   7.126E-01
   4.200E+00  -9.500E+00  -4.100E+00   4.310E-01  -2.669E+00   7.400E-01
   4.200E+00  -9.400E+00  -4.000E+00   5.063E-01  -2.794E+00   7.651E-01
   4.200E+00  -9.300E+00  -3.900E+00   5.840E-01  -2.916E+00   7.884E-01
   4.200E+00  -9.200E+00  -3.800E+00   6.639E-01  -3.036E+00   8.104E-01
   4.200E+00  -9.100E+00  -3.700E+00   7.460E-01  -3.155E+00   8.313E-01
   4.200E+00  -9.000E+00  -3.600E+00   8.301E-01  -3.273E+00   8.509E-01
   4.200E+00  -8.900E+00  -3.500E+00   9.161E-01  -3.390E+00   8.693E-01
   4.200E+00  -8.800E+00  -3.400E+00   1.004E+00  -3.508E+00   8.866E-01
   4.200E+00  -8.700E+00  -3.300E+00   1.093E+00  -3.624E+00   9.032E-01
   4.200E+00  -8.600E+00  -3.200E+00   1.185E+00  -3.735E+00   9.190E-01
   4.200E+00  -8.500E+00  -3.100E+00   1.277E+00  -3.838E+00   9.339E-01
   4.200E+00  -8.400E+00  -3.000E+00   1.371E+00  -3.931E+00   9.481E-01
   4.200E+00  -8.300E+00  -2.900E+00   1.467E+00  -4.007E+00   9.602E-01
   4.200E+00  -8.200E+00  -2.800E+00   1.563E+00  -4.059E+00   9.688E-01
   4.200E+00  -8.100E+00  -2.700E+00   1.660E+00  -4.086E+00   9.741E-01
   4.200E+00  -8.000E+00  -2.600E+00   1.758E+00  -4.084E+00   9.760E-01
   4.200E+00  -7.900E+00  -2.500E+00   1.855E+00  -4.052E+00   9.744E-01
   4.200E+00  -7.800E+00  -2.400E+00   1.953E+00  -3.987E+00   9.694E-01
   4.200E+00  -7.700E+00  -2.300E+00   2.049E+00  -3.886E+00   9.609E-01
   4.200E+00  -7.600E+00  -2.200E+00   2.145E+00  -3.743E+00   9.487E-01
   4.200E+00  -7.500E+00  -2.100E+00   2.239E+00  -3.555E+00   9.330E-01
   4.200E+00  -7.400E+00  -2.000E+00   2.331E+00  -3.319E+00   9.137E-01
   4.200E+00  -7.300E+00  -1.900E+00   2.422E+00  -3.032E+00   8.914E-01
   4.200E+00  -7.200E+00  -1.800E+00   2.509E+00  -2.701E+00   8.664E-01
   4.200E+00  -7.100E+00  -1.700E+00   2.595E+00  -2.329E+00   8.389E-01
   4.200E+00  -7.000E+00  -1.600E+00   2.677E+00  -1.922E+00   8.088E-01
   4.200E+00  -6.900E+00  -1.500E+00   2.756E+00  -1.484E+00   7.761E-01
   4.200E+00  -6.800E+00  -1.400E+00   2.832E+00  -1.022E+00   7.410E-01
   4.200E+00  -6.700E+00  -1.300E+00   2.905E+00  -5.419E-01   7.038E-01
   4.200E+00  -6.600E+00  -1.200E+00   2.973E+00  -5.185E-02   6.644E-01
   4.200E+00  -6.500E+00  -1.100E+00   3.037E+00   4.416E-01   6.229E-01
   4.200E+00  -6.400E+00  -1.000E+00   3.097E+00   9.314E-01   5.793E-01
   4.200E+00  -6.300E+00  -9.000E-01   3.153E+00   1.403E+00   5.365E-01
   4.200E+00  -6.200E+00  -8.000E-01   3.205E+00   1.845E+00   4.976E-01
   4.200E+00  -6.100E+00  -7.000E-01   3.253E+00   2.256E+00   4.625E-01
   4.200E+00  -6.000E+00  -6.000E-01   3.298E+00   2.638E+00   4.313E-01
   4.200E+00  -5.900E+00  -5.000E-01   3.339E+00   2.987E+00   4.040E-01
   4.200E+00  -5.800E+00  -4.000E-01   3.378E+00   3.308E+00   3.796E-01
   4.200E+00  -5.700E+00  -3.000E-01   3.415E+00   3.603E+00   3.570E-01
   4.200E+00  -5.600E+00  -2.000E-01   3.450E+00   3.874E+00   3.364E-01
   4.200E+00  -5.500E+00  -1.000E-01   3.483E+00   4.123E+00   3.177E-01
   4.200E+00  -5.400E+00   0.000E+00   3.513E+00   4.349E+00   3.009E-01
   4.200E+00  -5.300E+00   1.000E-01   3.543E+00   4.555E+00   2.858E-01
   4.200E+00  -5.200E+00   2.000E-01   3.571E+00   4.740E+00   2.723E-01
   4.200E+00  -5.100E+00   3.000E-01   3.597E+00   4.905E+00   2.604E-01
   4.300E+00  -1.000E+01  -4.900E+00  -5.961E-02  -1.406E+00   4.350E-01
   4.300E+00  -9.900E+00  -4.800E+00  -1.442E-02  -1.510E+00   4.689E-01
   4.300E+00  -9.800E+00  -4.700E+00   3.417E-02  -1.611E+00   5.029E-01
   4.300E+00  -9.700E+00  -4.600E+00   8.617E-02  -1.712E+00   5.371E-01
   4.300E+00  -9.600E+00  -4.500E+00   1.416E-01  -1.813E+00   5.714E-01
   4.300E+00  -9.500E+00  -4.400E+00   2.004E-01  -1.915E+00   6.056E-01
   4.300E+00  -9.400E+00  -4.300E+00   2.627E-01  -2.016E+00   6.397E-01
   4.300E+00  -9.300E+00  -4.200E+00   3.284E-01  -2.118E+00   6.735E-01
   4.300E+00  -9.200E+00  -4.100E+00   3.974E-01  -2.222E+00   7.071E-01
   4.300E+00  -9.100E+00  -4.000E+00   4.698E-01  -2.328E+00   7.405E-01
   4.300E+00  -9.000E+00  -3.900E+00   5.455E-01  -2.432E+00   7.723E-01
   4.300E+00  -8.900E+00  -3.800E+00   6.242E-01  -2.528E+00   8.013E-01
   4.300E+00  -8.800E+00  -3.700E+00   7.056E-01  -2.613E+00   8.275E-01
   4.300E+00  -8.700E+00  -3.600E+00   7.896E-01  -2.684E+00   8.508E-01
   4.300E+00  -8.600E+00  -3.500E+00   8.757E-01  -2.739E+00   8.712E-01
   4.300E+00  -8.500E+00  -3.400E+00   9.637E-01  -2.778E+00   8.893E-01
   4.300E+00  -8.400E+00  -3.300E+00   1.053E+00  -2.803E+00   9.056E-01
   4.300E+00  -8.300E+00  -3.200E+00   1.145E+00  -2.818E+00   9.200E-01
   4.300E+00  -8.200E+00  -3.100E+00   1.237E+00  -2.826E+00   9.326E-01
   4.300E+00  -8.100E+00  -3.000E+00   1.331E+00  -2.830E+00   9.433E-01
   4.300E+00  -8.000E+00  -2.900E+00   1.426E+00  -2.831E+00   9.518E-01
   4.300E+00  -7.900E+00  -2.800E+00   1.521E+00  -2.826E+00   9.577E-01
   4.300E+00  -7.800E+00  -2.700E+00   1.617E+00  -2.813E+00   9.610E-01
   4.300E+00  -7.700E+00  -2.600E+00   1.714E+00  -2.790E+00   9.617E-01
   4.300E+00  -7.600E+00  -2.500E+00   1.810E+00  -2.756E+00   9.598E-01
   4.300E+00  -7.500E+00  -2.400E+00   1.906E+00  -2.717E+00   9.581E-01
   4.300E+00  -7.400E+00  -2.300E+00   2.001E+00  -2.684E+00   9.597E-01
   4.300E+00  -7.300E+00  -2.200E+00   2.098E+00  -2.662E+00   9.644E-01
   4.300E+00  -7.200E+00  -2.100E+00   2.194E+00  -2.653E+00   9.723E-01
   4.300E+00  -7.100E+00  -2.000E+00   2.292E+00  -2.662E+00   9.833E-01
   4.300E+00  -7.000E+00  -1.900E+00   2.391E+00  -2.675E+00   9.931E-01
   4.300E+00  -6.900E+00  -1.800E+00   2.491E+00  -2.676E+00   9.974E-01
   4.300E+00  -6.800E+00  -1.700E+00   2.590E+00  -2.658E+00   9.960E-01
   4.300E+00  -6.700E+00  -1.600E+00   2.690E+00  -2.614E+00   9.891E-01
   4.300E+00  -6.600E+00  -1.500E+00   2.788E+00  -2.538E+00   9.765E-01
   4.300E+00  -6.500E+00  -1.400E+00   2.885E+00  -2.430E+00   9.600E-01
   4.300E+00  -6.400E+00  -1.300E+00   2.980E+00  -2.289E+00   9.412E-01
   4.300E+00  -6.300E+00  -1.200E+00   3.073E+00  -2.114E+00   9.199E-01
   4.300E+00  -6.200E+00  -1.100E+00   3.164E+00  -1.902E+00   8.963E-01
   4.300E+00  -6.100E+00  -1.000E+00   3.252E+00  -1.651E+00   8.703E-01
   4.300E+00  -6.000E+00  -9.000E-01   3.338E+00  -1.357E+00   8.417E-01
   4.300E+00  -5.900E+00  -8.000E-01   3.420E+00  -1.025E+00   8.100E-01
   4.300E+00  -5.800E+00  -7.000E-01   3.500E+00  -6.633E-01   7.752E-01
   4.300E+00  -5.700E+00  -6.000E-01   3.575E+00  -2.777E-01   7.374E-01
   4.300E+00  -5.600E+00  -5.000E-01   3.647E+00   1.244E-01   6.966E-01
   4.300E+00  -5.500E+00  -4.000E-01   3.715E+00   5.287E-01   6.553E-01
   4.300E+00  -5.400E+00  -3.000E-01   3.778E+00   9.227E-01   6.162E-01
   4.300E+00  -5.300E+00  -2.000E-01   3.838E+00   1.302E+00   5.793E-01
   4.300E+00  -5.200E+00  -1.000E-01   3.894E+00   1.663E+00   5.445E-01
   4.300E+00  -5.100E+00   0.000E+00   3.947E+00   2.001E+00   5.119E-01
   4.400E+00  -1.000E+01  -5.200E+00  -1.597E-01  -2.648E-01   2.903E-01
   4.400E+00  -9.900E+00  -5.100E+00  -1.292E-01  -3.811E-01   3.212E-01
   4.400E+00  -9.800E+00  -5.000E+00  -9.539E-02  -5.127E-01   3.548E-01
   4.400E+00  -9.700E+00  -4.900E+00  -5.813E-02  -6.578E-01   3.906E-01
   4.400E+00  -9.600E+00  -4.800E+00  -1.721E-02  -8.138E-01   4.282E-01
   4.400E+00  -9.500E+00  -4.700E+00   2.756E-02  -9.787E-01   4.676E-01
   4.400E+00  -9.400E+00  -4.600E+00   7.637E-02  -1.151E+00   5.088E-01
   4.400E+00  -9.300E+00  -4.500E+00   1.294E-01  -1.328E+00   5.519E-01
   4.400E+00  -9.200E+00  -4.400E+00   1.868E-01  -1.506E+00   5.954E-01
   4.400E+00  -9.100E+00  -4.300E+00   2.484E-01  -1.677E+00   6.381E-01
   4.400E+00  -9.000E+00  -4.200E+00   3.144E-01  -1.839E+00   6.801E-01
   4.400E+00  -8.900E+00  -4.100E+00   3.844E-01  -1.991E+00   7.212E-01
   4.400E+00  -8.800E+00  -4.000E+00   4.586E-01  -2.131E+00   7.616E-01
   4.400E+00  -8.700E+00  -3.900E+00   5.367E-01  -2.252E+00   7.994E-01
   4.400E+00  -8.600E+00  -3.800E+00   6.183E-01  -2.348E+00   8.330E-01
   4.400E+00  -8.500E+00  -3.700E+00   7.031E-01  -2.422E+00   8.623E-01
   4.400E+00  -8.400E+00  -3.600E+00   7.906E-01  -2.473E+00   8.875E-01
   4.400E+00  -8.300E+00  -3.500E+00   8.805E-01  -2.503E+00   9.083E-01
   4.400E+00  -8.200E+00  -3.400E+00   9.722E-01  -2.516E+00   9.263E-01
   4.400E+00  -8.100E+00  -3.300E+00   1.066E+00  -2.517E+00   9.428E-01
   4.400E+00  -8.000E+00  -3.200E+00   1.161E+00  -2.506E+00   9.578E-01
   4.400E+00  -7.900E+00  -3.100E+00   1.257E+00  -2.483E+00   9.712E-01
   4.400E+00  -7.800E+00  -3.000E+00   1.355E+00  -2.448E+00   9.831E-01
   4.400E+00  -7.700E+00  -2.900E+00   1.454E+00  -2.401E+00   9.930E-01
   4.400E+00  -7.600E+00  -2.800E+00   1.553E+00  -2.345E+00   1.000E+00
   4.400E+00  -7.500E+00  -2.700E+00   1.654E+00  -2.285E+00   1.005E+00
   4.400E+00  -7.400E+00  -2.600E+00   1.754E+00  -2.226E+00   1.008E+00
   4.400E+00  -7.300E+00  -2.500E+00   1.855E+00  -2.175E+00   1.008E+00
   4.400E+00  -7.200E+00  -2.400E+00   1.956E+00  -2.139E+00   1.007E+00
   4.400E+00  -7.100E+00  -2.300E+00   2.057E+00  -2.121E+00   1.008E+00
   4.400E+00  -7.000E+00  -2.200E+00   2.158E+00  -2.111E+00   1.010E+00
   4.400E+00  -6.900E+00  -2.100E+00   2.259E+00  -2.103E+00   1.014E+00
   4.400E+00  -6.800E+00  -2.000E+00   2.360E+00  -2.089E+00   1.019E+00
   4.400E+00  -6.700E+00  -1.900E+00   2.463E+00  -2.058E+00   1.023E+00
   4.400E+00  -6.600E+00  -1.800E+00   2.565E+00  -2.008E+00   1.026E+00
   4.400E+00  -6.500E+00  -1.700E+00   2.668E+00  -1.944E+00   1.026E+00
   4.400E+00  -6.400E+00  -1.600E+00   2.770E+00  -1.870E+00   1.024E+00
   4.400E+00  -6.300E+00  -1.500E+00   2.872E+00  -1.790E+00   1.020E+00
   4.400E+00  -6.200E+00  -1.400E+00   2.974E+00  -1.710E+00   1.014E+00
   4.400E+00  -6.100E+00  -1.300E+00   3.075E+00  -1.630E+00   1.007E+00
   4.400E+00  -6.000E+00  -1.200E+00   3.175E+00  -1.547E+00   9.989E-01
   4.400E+00  -5.900E+00  -1.100E+00   3.275E+00  -1.461E+00   9.890E-01
   4.400E+00  -5.800E+00  -1.000E+00   3.373E+00  -1.369E+00   9.778E-01
   4.400E+00  -5.700E+00  -9.000E-01   3.470E+00  -1.267E+00   9.646E-01
   4.400E+00  -5.600E+00  -8.000E-01   3.566E+00  -1.151E+00   9.489E-01
   4.400E+00  -5.500E+00  -7.000E-01   3.660E+00  -1.020E+00   9.307E-01
   4.400E+00  -5.400E+00  -6.000E-01   3.752E+00  -8.707E-01   9.100E-01
   4.400E+00  -5.300E+00  -5.000E-01   3.842E+00  -7.004E-01   8.867E-01
   4.400E+00  -5.200E+00  -4.000E-01   3.929E+00  -5.071E-01   8.608E-01
   4.400E+00  -5.100E+00  -3.000E-01   4.014E+00  -2.909E-01   8.320E-01
   4.500E+00  -1.000E+01  -5.500E+00  -1.390E-01   3.679E-02   2.720E-01
   4.500E+00  -9.900E+00  -5.400E+00  -1.111E-01   1.168E-01   2.879E-01
   4.500E+00  -9.800E+00  -5.300E+00  -8.139E-02   1.927E-01   3.058E-01
   4.500E+00  -9.700E+00  -5.200E+00  -4.984E-02   2.597E-01   3.256E-01
   4.500E+00  -9.600E+00  -5.100E+00  -1.621E-02   3.132E-01   3.472E-01
   4.500E+00  -9.500E+00  -5.000E+00   1.967E-02   3.486E-01   3.707E-01
   4.500E+00  -9.400E+00  -4.900E+00   5.802E-02   3.607E-01   3.967E-01
   4.500E+00  -9.300E+00  -4.800E+00   9.910E-02   3.476E-01   4.254E-01
   4.500E+00  -9.200E+00  -4.700E+00   1.432E-01   3.100E-01   4.571E-01
   4.500E+00  -9.100E+00  -4.600E+00   1.906E-01   2.482E-01   4.917E-01
   4.500E+00  -9.000E+00  -4.500E+00   2.416E-01   1.631E-01   5.291E-01
   4.500E+00  -8.900E+00  -4.400E+00   2.965E-01   5.943E-02   5.680E-01
   4.500E+00  -8.800E+00  -4.300E+00   3.552E-01  -5.676E-02   6.070E-01
   4.500E+00  -8.700E+00  -4.200E+00   4.179E-01  -1.837E-01   6.460E-01
   4.500E+00  -8.600E+00  -4.100E+00   4.844E-01  -3.196E-01   6.850E-01
   4.500E+00  -8.500E+00  -4.000E+00   5.549E-01  -4.626E-01   7.241E-01
   4.500E+00  -8.400E+00  -3.900E+00   6.292E-01  -6.078E-01   7.621E-01
   4.500E+00  -8.300E+00  -3.800E+00   7.072E-01  -7.507E-01   7.980E-01
   4.500E+00  -8.200E+00  -3.700E+00   7.888E-01  -8.902E-01   8.318E-01
   4.500E+00  -8.100E+00  -3.600E+00   8.735E-01  -1.025E+00   8.634E-01
   4.500E+00  -8.000E+00  -3.500E+00   9.614E-01  -1.155E+00   8.929E-01
   4.500E+00  -7.900E+00  -3.400E+00   1.052E+00  -1.278E+00   9.199E-01
   4.500E+00  -7.800E+00  -3.300E+00   1.145E+00  -1.392E+00   9.442E-01
   4.500E+00  -7.700E+00  -3.200E+00   1.241E+00  -1.499E+00   9.657E-01
   4.500E+00  -7.600E+00  -3.100E+00   1.338E+00  -1.600E+00   9.844E-01
   4.500E+00  -7.500E+00  -3.000E+00   1.438E+00  -1.693E+00   1.000E+00
   4.500E+00  -7.400E+00  -2.900E+00   1.538E+00  -1.782E+00   1.014E+00
   4.500E+00  -7.300E+00  -2.800E+00   1.640E+00  -1.863E+00   1.026E+00
   4.500E+00  -7.200E+00  -2.700E+00   1.743E+00  -1.930E+00   1.037E+00
   4.500E+00  -7.100E+00  -2.600E+00   1.848E+00  -1.979E+00   1.045E+00
   4.500E+00  -7.000E+00  -2.500E+00   1.952E+00  -2.005E+00   1.052E+00
   4.500E+00  -6.900E+00  -2.400E+00   2.058E+00  -2.005E+00   1.058E+00
   4.500E+00  -6.800E+00  -2.300E+00   2.164E+00  -1.985E+00   1.063E+00
   4.500E+00  -6.700E+00  -2.200E+00   2.271E+00  -1.953E+00   1.067E+00
   4.500E+00  -6.600E+00  -2.100E+00   2.377E+00  -1.914E+00   1.071E+00
   4.500E+00  -6.500E+00  -2.000E+00   2.485E+00  -1.876E+00   1.073E+00
   4.500E+00  -6.400E+00  -1.900E+00   2.592E+00  -1.841E+00   1.075E+00
   4.500E+00  -6.300E+00  -1.800E+00   2.699E+00  -1.806E+00   1.074E+00
   4.500E+00  -6.200E+00  -1.700E+00   2.807E+00  -1.769E+00   1.072E+00
   4.500E+00  -6.100E+00  -1.600E+00   2.914E+00  -1.726E+00   1.067E+00
   4.500E+00  -6.000E+00  -1.500E+00   3.020E+00  -1.676E+00   1.061E+00
   4.500E+00  -5.900E+00  -1.400E+00   3.126E+00  -1.618E+00   1.054E+00
   4.500E+00  -5.800E+00  -1.300E+00   3.231E+00  -1.558E+00   1.048E+00
   4.500E+00  -5.700E+00  -1.200E+00   3.335E+00  -1.497E+00   1.042E+00
   4.500E+00  -5.600E+00  -1.100E+00   3.439E+00  -1.435E+00   1.038E+00
   4.500E+00  -5.500E+00  -1.000E+00   3.543E+00  -1.373E+00   1.034E+00
   4.500E+00  -5.400E+00  -9.000E-01   3.646E+00  -1.305E+00   1.029E+00
   4.500E+00  -5.300E+00  -8.000E-01   3.749E+00  -1.225E+00   1.020E+00
   4.500E+00  -5.200E+00  -7.000E-01   3.850E+00  -1.131E+00   1.007E+00
   4.500E+00  -5.100E+00  -6.000E-01   3.950E+00  -1.025E+00   9.899E-01
   4.600E+00  -1.000E+01  -5.800E+00  -2.110E-01  -9.500E-01   2.627E-01
   4.600E+00  -9.900E+00  -5.700E+00  -1.833E-01  -1.050E+00   2.920E-01
   4.600E+00  -9.800E+00  -5.600E+00  -1.526E-01  -1.150E+00   3.227E-01
   4.600E+00  -9.700E+00  -5.500E+00  -1.187E-01  -1.247E+00   3.549E-01
   4.600E+00  -9.600E+00  -5.400E+00  -8.156E-02  -1.337E+00   3.878E-01
   4.600E+00  -9.500E+00  -5.300E+00  -4.113E-02  -1.413E+00   4.206E-01
   4.600E+00  -9.400E+00  -5.200E+00   2.560E-03  -1.474E+00   4.533E-01
   4.600E+00  -9.300E+00  -5.100E+00   4.952E-02  -1.515E+00   4.858E-01
   4.600E+00  -9.200E+00  -5.000E+00   9.972E-02  -1.534E+00   5.183E-01
   4.600E+00  -9.100E+00  -4.900E+00   1.531E-01  -1.526E+00   5.499E-01
   4.600E+00  -9.000E+00  -4.800E+00   2.097E-01  -1.490E+00   5.799E-01
   4.600E+00  -8.900E+00  -4.700E+00   2.691E-01  -1.430E+00   6.083E-01
   4.600E+00  -8.800E+00  -4.600E+00   3.313E-01  -1.349E+00   6.351E-01
   4.600E+00  -8.700E+00  -4.500E+00   3.960E-01  -1.250E+00   6.603E-01
   4.600E+00  -8.600E+00  -4.400E+00   4.633E-01  -1.136E+00   6.841E-01
   4.600E+00  -8.500E+00  -4.300E+00   5.328E-01  -1.013E+00   7.067E-01
   4.600E+00  -8.400E+00  -4.200E+00   6.046E-01  -8.888E-01   7.282E-01
   4.600E+00  -8.300E+00  -4.100E+00   6.784E-01  -7.682E-01   7.486E-01
   4.600E+00  -8.200E+00  -4.000E+00   7.543E-01  -6.575E-01   7.678E-01
   4.600E+00  -8.100E+00  -3.900E+00   8.320E-01  -5.644E-01   7.866E-01
   4.600E+00  -8.000E+00  -3.800E+00   9.116E-01  -4.940E-01   8.059E-01
   4.600E+00  -7.900E+00  -3.700E+00   9.932E-01  -4.483E-01   8.256E-01
   4.600E+00  -7.800E+00  -3.600E+00   1.077E+00  -4.292E-01   8.457E-01
   4.600E+00  -7.700E+00  -3.500E+00   1.162E+00  -4.387E-01   8.663E-01
   4.600E+00  -7.600E+00  -3.400E+00   1.250E+00  -4.739E-01   8.861E-01
   4.600E+00  -7.500E+00  -3.300E+00   1.339E+00  -5.273E-01   9.038E-01
   4.600E+00  -7.400E+00  -3.200E+00   1.431E+00  -5.941E-01   9.194E-01
   4.600E+00  -7.300E+00  -3.100E+00   1.523E+00  -6.695E-01   9.328E-01
   4.600E+00  -7.200E+00  -3.000E+00   1.617E+00  -7.487E-01   9.442E-01
   4.600E+00  -7.100E+00  -2.900E+00   1.712E+00  -8.326E-01   9.551E-01
   4.600E+00  -7.000E+00  -2.800E+00   1.808E+00  -9.252E-01   9.671E-01
   4.600E+00  -6.900E+00  -2.700E+00   1.906E+00  -1.027E+00   9.802E-01
   4.600E+00  -6.800E+00  -2.600E+00   2.004E+00  -1.137E+00   9.944E-01
   4.600E+00  -6.700E+00  -2.500E+00   2.104E+00  -1.256E+00   1.010E+00
   4.600E+00  -6.600E+00  -2.400E+00   2.206E+00  -1.377E+00   1.024E+00
   4.600E+00  -6.500E+00  -2.300E+00   2.309E+00  -1.494E+00   1.037E+00
   4.600E+00  -6.400E+00  -2.200E+00   2.413E+00  -1.604E+00   1.046E+00
   4.600E+00  -6.300E+00  -2.100E+00   2.518E+00  -1.704E+00   1.053E+00
   4.600E+00  -6.200E+00  -2.000E+00   2.624E+00  -1.791E+00   1.058E+00
   4.600E+00  -6.100E+00  -1.900E+00   2.730E+00  -1.867E+00   1.061E+00
   4.600E+00  -6.000E+00  -1.800E+00   2.836E+00  -1.934E+00   1.064E+00
   4.600E+00  -5.900E+00  -1.700E+00   2.943E+00  -1.992E+00   1.066E+00
   4.600E+00  -5.800E+00  -1.600E+00   3.049E+00  -2.042E+00   1.068E+00
   4.600E+00  -5.700E+00  -1.500E+00   3.156E+00  -2.083E+00   1.069E+00
   4.600E+00  -5.600E+00  -1.400E+00   3.263E+00  -2.115E+00   1.070E+00
   4.600E+00  -5.500E+00  -1.300E+00   3.370E+00  -2.136E+00   1.069E+00
   4.600E+00  -5.400E+00  -1.200E+00   3.477E+00  -2.149E+00   1.067E+00
   4.600E+00  -5.300E+00  -1.100E+00   3.583E+00  -2.156E+00   1.063E+00
   4.600E+00  -5.200E+00  -1.000E+00   3.689E+00  -2.159E+00   1.057E+00
   4.600E+00  -5.100E+00  -9.000E-01   3.795E+00  -2.157E+00   1.049E+00
   4.700E+00  -1.000E+01  -6.100E+00  -3.029E-01  -6.236E-01   1.577E-01
   4.700E+00  -9.900E+00  -6.000E+00  -2.860E-01  -7.453E-01   1.808E-01
   4.700E+00  -9.800E+00  -5.900E+00  -2.667E-01  -8.805E-01   2.068E-01
   4.700E+00  -9.700E+00  -5.800E+00  -2.446E-01  -1.028E+00   2.357E-01
   4.700E+00  -9.600E+00  -5.700E+00  -2.194E-01  -1.185E+00   2.675E-01
   4.700E+00  -9.500E+00  -5.600E+00  -1.910E-01  -1.350E+00   3.022E-01
   4.700E+00  -9.400E+00  -5.500E+00  -1.589E-01  -1.522E+00   3.398E-01
   4.700E+00  -9.300E+00  -5.400E+00  -1.229E-01  -1.694E+00   3.791E-01
   4.700E+00  -9.200E+00  -5.300E+00  -8.306E-02  -1.861E+00   4.188E-01
   4.700E+00  -9.100E+00  -5.200E+00  -3.917E-02  -2.023E+00   4.591E-01
   4.700E+00  -9.000E+00  -5.100E+00   8.774E-03  -2.178E+00   4.998E-01
   4.700E+00  -8.900E+00  -5.000E+00   6.081E-02  -2.324E+00   5.411E-01
   4.700E+00  -8.800E+00  -4.900E+00   1.170E-01  -2.458E+00   5.819E-01
   4.700E+00  -8.700E+00  -4.800E+00   1.772E-01  -2.581E+00   6.216E-01
   4.700E+00  -8.600E+00  -4.700E+00   2.413E-01  -2.693E+00   6.601E-01
   4.700E+00  -8.500E+00  -4.600E+00   3.092E-01  -2.798E+00   6.975E-01
   4.700E+00  -8.400E+00  -4.500E+00   3.807E-01  -2.898E+00   7.336E-01
   4.700E+00  -8.300E+00  -4.400E+00   4.558E-01  -2.994E+00   7.680E-01
   4.700E+00  -8.200E+00  -4.300E+00   5.342E-01  -3.083E+00   8.002E-01
   4.700E+00  -8.100E+00  -4.200E+00   6.158E-01  -3.165E+00   8.302E-01
   4.700E+00  -8.000E+00  -4.100E+00   7.002E-01  -3.239E+00   8.579E-01
   4.700E+00  -7.900E+00  -4.000E+00   7.873E-01  -3.306E+00   8.835E-01
   4.700E+00  -7.800E+00  -3.900E+00   8.768E-01  -3.362E+00   9.064E-01
   4.700E+00  -7.700E+00  -3.800E+00   9.685E-01  -3.404E+00   9.263E-01
   4.700E+00  -7.600E+00  -3.700E+00   1.062E+00  -3.430E+00   9.432E-01
   4.700E+00  -7.500E+00  -3.600E+00   1.157E+00  -3.437E+00   9.570E-01
   4.700E+00  -7.400E+00  -3.500E+00   1.253E+00  -3.422E+00   9.678E-01
   4.700E+00  -7.300E+00  -3.400E+00   1.350E+00  -3.384E+00   9.759E-01
   4.700E+00  -7.200E+00  -3.300E+00   1.448E+00  -3.327E+00   9.817E-01
   4.700E+00  -7.100E+00  -3.200E+00   1.547E+00  -3.254E+00   9.851E-01
   4.700E+00  -7.000E+00  -3.100E+00   1.645E+00  -3.166E+00   9.862E-01
   4.700E+00  -6.900E+00  -3.000E+00   1.744E+00  -3.068E+00   9.849E-01
   4.700E+00  -6.800E+00  -2.900E+00   1.842E+00  -2.966E+00   9.825E-01
   4.700E+00  -6.700E+00  -2.800E+00   1.940E+00  -2.868E+00   9.805E-01
   4.700E+00  -6.600E+00  -2.700E+00   2.038E+00  -2.779E+00   9.787E-01
   4.700E+00  -6.500E+00  -2.600E+00   2.136E+00  -2.701E+00   9.772E-01
   4.700E+00  -6.400E+00  -2.500E+00   2.234E+00  -2.640E+00   9.760E-01
   4.700E+00  -6.300E+00  -2.400E+00   2.331E+00  -2.600E+00   9.754E-01
   4.700E+00  -6.200E+00  -2.300E+00   2.429E+00  -2.581E+00   9.757E-01
   4.700E+00  -6.100E+00  -2.200E+00   2.527E+00  -2.582E+00   9.768E-01
   4.700E+00  -6.000E+00  -2.100E+00   2.624E+00  -2.603E+00   9.789E-01
   4.700E+00  -5.900E+00  -2.000E+00   2.722E+00  -2.642E+00   9.818E-01
   4.700E+00  -5.800E+00  -1.900E+00   2.821E+00  -2.697E+00   9.852E-01
   4.700E+00  -5.700E+00  -1.800E+00   2.919E+00  -2.765E+00   9.885E-01
   4.700E+00  -5.600E+00  -1.700E+00   3.018E+00  -2.842E+00   9.919E-01
   4.700E+00  -5.500E+00  -1.600E+00   3.118E+00  -2.928E+00   9.952E-01
   4.700E+00  -5.400E+00  -1.500E+00   3.217E+00  -3.018E+00   9.985E-01
   4.700E+00  -5.300E+00  -1.400E+00   3.317E+00  -3.110E+00   1.001E+00
   4.700E+00  -5.200E+00  -1.300E+00   3.418E+00  -3.198E+00   1.001E+00
   4.700E+00  -5.100E+00  -1.200E+00   3.518E+00  -3.282E+00   1.000E+00
   4.800E+00  -1.000E+01  -6.400E+00  -3.463E-01  -2.507E-01   9.163E-02
   4.800E+00  -9.900E+00  -6.300E+00  -3.365E-01  -3.010E-01   1.040E-01
   4.800E+00  -9.800E+00  -6.200E+00  -3.254E-01  -3.576E-01   1.182E-01
   4.800E+00  -9.700E+00  -6.100E+00  -3.128E-01  -4.216E-01   1.340E-01
   4.800E+00  -9.600E+00  -6.000E+00  -2.986E-01  -4.942E-01   1.515E-01
   4.800E+00  -9.500E+00  -5.900E+00  -2.825E-01  -5.779E-01   1.713E-01
   4.800E+00  -9.400E+00  -5.800E+00  -2.642E-01  -6.745E-01   1.939E-01
   4.800E+00  -9.300E+00  -5.700E+00  -2.436E-01  -7.837E-01   2.194E-01
   4.800E+00  -9.200E+00  -5.600E+00  -2.203E-01  -9.052E-01   2.477E-01
   4.800E+00  -9.100E+00  -5.500E+00  -1.940E-01  -1.039E+00   2.789E-01
   4.800E+00  -9.000E+00  -5.400E+00  -1.644E-01  -1.184E+00   3.126E-01
   4.800E+00  -8.900E+00  -5.300E+00  -1.314E-01  -1.341E+00   3.487E-01
   4.800E+00  -8.800E+00  -5.200E+00  -9.459E-02  -1.510E+00   3.872E-01
   4.800E+00  -8.700E+00  -5.100E+00  -5.385E-02  -1.695E+00   4.280E-01
   4.800E+00  -8.600E+00  -5.000E+00  -8.907E-03  -1.895E+00   4.712E-01
   4.800E+00  -8.500E+00  -4.900E+00   4.042E-02  -2.107E+00   5.155E-01
   4.800E+00  -8.400E+00  -4.800E+00   9.418E-02  -2.328E+00   5.597E-01
   4.800E+00  -8.300E+00  -4.700E+00   1.524E-01  -2.554E+00   6.039E-01
   4.800E+00  -8.200E+00  -4.600E+00   2.150E-01  -2.783E+00   6.480E-01
   4.800E+00  -8.100E+00  -4.500E+00   2.820E-01  -3.012E+00   6.920E-01
   4.800E+00  -8.000E+00  -4.400E+00   3.533E-01  -3.235E+00   7.344E-01
   4.800E+00  -7.900E+00  -4.300E+00   4.287E-01  -3.444E+00   7.733E-01
   4.800E+00  -7.800E+00  -4.200E+00   5.079E-01  -3.636E+00   8.089E-01
   4.800E+00  -7.700E+00  -4.100E+00   5.904E-01  -3.808E+00   8.410E-01
   4.800E+00  -7.600E+00  -4.000E+00   6.760E-01  -3.957E+00   8.698E-01
   4.800E+00  -7.500E+00  -3.900E+00   7.642E-01  -4.082E+00   8.954E-01
   4.800E+00  -7.400E+00  -3.800E+00   8.549E-01  -4.185E+00   9.179E-01
   4.800E+00  -7.300E+00  -3.700E+00   9.477E-01  -4.267E+00   9.373E-01
   4.800E+00  -7.200E+00  -3.600E+00   1.042E+00  -4.331E+00   9.536E-01
   4.800E+00  -7.100E+00  -3.500E+00   1.138E+00  -4.377E+00   9.669E-01
   4.800E+00  -7.000E+00  -3.400E+00   1.236E+00  -4.411E+00   9.781E-01
   4.800E+00  -6.900E+00  -3.300E+00   1.334E+00  -4.438E+00   9.881E-01
   4.800E+00  -6.800E+00  -3.200E+00   1.433E+00  -4.460E+00   9.969E-01
   4.800E+00  -6.700E+00  -3.100E+00   1.533E+00  -4.479E+00   1.004E+00
   4.800E+00  -6.600E+00  -3.000E+00   1.634E+00  -4.497E+00   1.011E+00
   4.800E+00  -6.500E+00  -2.900E+00   1.735E+00  -4.515E+00   1.016E+00
   4.800E+00  -6.400E+00  -2.800E+00   1.837E+00  -4.532E+00   1.020E+00
   4.800E+00  -6.300E+00  -2.700E+00   1.939E+00  -4.546E+00   1.024E+00
   4.800E+00  -6.200E+00  -2.600E+00   2.042E+00  -4.555E+00   1.026E+00
   4.800E+00  -6.100E+00  -2.500E+00   2.145E+00  -4.555E+00   1.027E+00
   4.800E+00  -6.000E+00  -2.400E+00   2.247E+00  -4.544E+00   1.027E+00
   4.800E+00  -5.900E+00  -2.300E+00   2.350E+00  -4.521E+00   1.025E+00
   4.800E+00  -5.800E+00  -2.200E+00   2.452E+00  -4.487E+00   1.022E+00
   4.800E+00  -5.700E+00  -2.100E+00   2.554E+00  -4.442E+00   1.018E+00
   4.800E+00  -5.600E+00  -2.000E+00   2.656E+00  -4.386E+00   1.012E+00
   4.800E+00  -5.500E+00  -1.900E+00   2.757E+00  -4.322E+00   1.005E+00
   4.800E+00  -5.400E+00  -1.800E+00   2.857E+00  -4.254E+00   9.976E-01
   4.800E+00  -5.300E+00  -1.700E+00   2.956E+00  -4.185E+00   9.896E-01
   4.800E+00  -5.200E+00  -1.600E+00   3.055E+00  -4.119E+00   9.810E-01
   4.800E+00  -5.100E+00  -1.500E+00   3.152E+00  -4.058E+00   9.719E-01
   4.900E+00  -1.000E+01  -6.700E+00  -3.492E-01   1.119E-01   6.175E-02
   4.900E+00  -9.900E+00  -6.600E+00  -3.427E-01   8.506E-02   6.824E-02
   4.900E+00  -9.800E+00  -6.500E+00  -3.355E-01   5.858E-02   7.516E-02
   4.900E+00  -9.700E+00  -6.400E+00  -3.276E-01   3.143E-02   8.307E-02
   4.900E+00  -9.600E+00  -6.300E+00  -3.189E-01   1.444E-03   9.251E-02
   4.900E+00  -9.500E+00  -6.200E+00  -3.091E-01  -3.218E-02   1.035E-01
   4.900E+00  -9.400E+00  -6.100E+00  -2.981E-01  -7.027E-02   1.160E-01
   4.900E+00  -9.300E+00  -6.000E+00  -2.858E-01  -1.136E-01   1.300E-01
   4.900E+00  -9.200E+00  -5.900E+00  -2.720E-01  -1.648E-01   1.461E-01
   4.900E+00  -9.100E+00  -5.800E+00  -2.565E-01  -2.270E-01   1.649E-01
   4.900E+00  -9.000E+00  -5.700E+00  -2.390E-01  -3.016E-01   1.863E-01
   4.900E+00  -8.900E+00  -5.600E+00  -2.192E-01  -3.902E-01   2.103E-01
   4.900E+00  -8.800E+00  -5.500E+00  -1.968E-01  -4.942E-01   2.370E-01
   4.900E+00  -8.700E+00  -5.400E+00  -1.717E-01  -6.148E-01   2.663E-01
   4.900E+00  -8.600E+00  -5.300E+00  -1.435E-01  -7.512E-01   2.984E-01
   4.900E+00  -8.500E+00  -5.200E+00  -1.119E-01  -9.022E-01   3.331E-01
   4.900E+00  -8.400E+00  -5.100E+00  -7.675E-02  -1.066E+00   3.706E-01
   4.900E+00  -8.300E+00  -5.000E+00  -3.770E-02  -1.242E+00   4.107E-01
   4.900E+00  -8.200E+00  -4.900E+00   5.439E-03  -1.425E+00   4.521E-01
   4.900E+00  -8.100E+00  -4.800E+00   5.271E-02  -1.608E+00   4.932E-01
   4.900E+00  -8.000E+00  -4.700E+00   1.041E-01  -1.791E+00   5.342E-01
   4.900E+00  -7.900E+00  -4.600E+00   1.595E-01  -1.974E+00   5.749E-01
   4.900E+00  -7.800E+00  -4.500E+00   2.190E-01  -2.155E+00   6.153E-01
   4.900E+00  -7.700E+00  -4.400E+00   2.826E-01  -2.332E+00   6.548E-01
   4.900E+00  -7.600E+00  -4.300E+00   3.499E-01  -2.502E+00   6.925E-01
   4.900E+00  -7.500E+00  -4.200E+00   4.210E-01  -2.667E+00   7.284E-01
   4.900E+00  -7.400E+00  -4.100E+00   4.956E-01  -2.826E+00   7.625E-01
   4.900E+00  -7.300E+00  -4.000E+00   5.734E-01  -2.982E+00   7.948E-01
   4.900E+00  -7.200E+00  -3.900E+00   6.545E-01  -3.134E+00   8.254E-01
   4.900E+00  -7.100E+00  -3.800E+00   7.385E-01  -3.281E+00   8.543E-01
   4.900E+00  -7.000E+00  -3.700E+00   8.253E-01  -3.423E+00   8.815E-01
   4.900E+00  -6.900E+00  -3.600E+00   9.147E-01  -3.560E+00   9.070E-01
   4.900E+00  -6.800E+00  -3.500E+00   1.007E+00  -3.689E+00   9.307E-01
   4.900E+00  -6.700E+00  -3.400E+00   1.101E+00  -3.809E+00   9.524E-01
   4.900E+00  -6.600E+00  -3.300E+00   1.197E+00  -3.918E+00   9.718E-01
   4.900E+00  -6.500E+00  -3.200E+00   1.295E+00  -4.014E+00   9.889E-01
   4.900E+00  -6.400E+00  -3.100E+00   1.395E+00  -4.094E+00   1.004E+00
   4.900E+00  -6.300E+00  -3.000E+00   1.496E+00  -4.158E+00   1.016E+00
   4.900E+00  -6.200E+00  -2.900E+00   1.598E+00  -4.203E+00   1.026E+00
   4.900E+00  -6.100E+00  -2.800E+00   1.701E+00  -4.229E+00   1.034E+00
   4.900E+00  -6.000E+00  -2.700E+00   1.804E+00  -4.239E+00   1.039E+00
   4.900E+00  -5.900E+00  -2.600E+00   1.908E+00  -4.234E+00   1.041E+00
   4.900E+00  -5.800E+00  -2.500E+00   2.013E+00  -4.214E+00   1.041E+00
   4.900E+00  -5.700E+00  -2.400E+00   2.117E+00  -4.184E+00   1.039E+00
   4.900E+00  -5.600E+00  -2.300E+00   2.220E+00  -4.149E+00   1.037E+00
   4.900E+00  -5.500E+00  -2.200E+00   2.324E+00  -4.113E+00   1.035E+00
   4.900E+00  -5.400E+00  -2.100E+00   2.427E+00  -4.077E+00   1.031E+00
   4.900E+00  -5.300E+00  -2.000E+00   2.530E+00  -4.044E+00   1.027E+00
   4.900E+00  -5.200E+00  -1.900E+00   2.633E+00  -4.016E+00   1.023E+00
   4.900E+00  -5.100E+00  -1.800E+00   2.735E+00  -3.990E+00   1.017E+00
   5.000E+00  -1.000E+01  -7.000E+00  -3.147E-01   7.242E-01   4.556E-02
   5.000E+00  -9.900E+00  -6.900E+00  -3.098E-01   6.997E-01   5.078E-02
   5.000E+00  -9.800E+00  -6.800E+00  -3.045E-01   6.747E-01   5.615E-02
   5.000E+00  -9.700E+00  -6.700E+00  -2.986E-01   6.494E-01   6.168E-02
   5.000E+00  -9.600E+00  -6.600E+00  -2.922E-01   6.240E-01   6.735E-02
   5.000E+00  -9.500E+00  -6.500E+00  -2.851E-01   5.985E-01   7.317E-02
   5.000E+00  -9.400E+00  -6.400E+00  -2.775E-01   5.708E-01   7.991E-02
   5.000E+00  -9.300E+00  -6.300E+00  -2.691E-01   5.385E-01   8.834E-02
   5.000E+00  -9.200E+00  -6.200E+00  -2.598E-01   5.014E-01   9.845E-02
   5.000E+00  -9.100E+00  -6.100E+00  -2.494E-01   4.595E-01   1.102E-01
   5.000E+00  -9.000E+00  -6.000E+00  -2.377E-01   4.126E-01   1.237E-01
   5.000E+00  -8.900E+00  -5.900E+00  -2.245E-01   3.598E-01   1.391E-01
   5.000E+00  -8.800E+00  -5.800E+00  -2.098E-01   2.999E-01   1.565E-01
   5.000E+00  -8.700E+00  -5.700E+00  -1.932E-01   2.320E-01   1.760E-01
   5.000E+00  -8.600E+00  -5.600E+00  -1.745E-01   1.553E-01   1.975E-01
   5.000E+00  -8.500E+00  -5.500E+00  -1.536E-01   6.903E-02   2.211E-01
   5.000E+00  -8.400E+00  -5.400E+00  -1.302E-01  -2.759E-02   2.468E-01
   5.000E+00  -8.300E+00  -5.300E+00  -1.042E-01  -1.346E-01   2.746E-01
   5.000E+00  -8.200E+00  -5.200E+00  -7.523E-02  -2.520E-01   3.045E-01
   5.000E+00  -8.100E+00  -5.100E+00  -4.321E-02  -3.795E-01   3.364E-01
   5.000E+00  -8.000E+00  -5.000E+00  -7.885E-03  -5.171E-01   3.704E-01
   5.000E+00  -7.900E+00  -4.900E+00   3.093E-02  -6.634E-01   4.061E-01
   5.000E+00  -7.800E+00  -4.800E+00   7.336E-02  -8.163E-01   4.429E-01
   5.000E+00  -7.700E+00  -4.700E+00   1.195E-01  -9.753E-01   4.809E-01
   5.000E+00  -7.600E+00  -4.600E+00   1.696E-01  -1.140E+00   5.201E-01
   5.000E+00  -7.500E+00  -4.500E+00   2.236E-01  -1.309E+00   5.605E-01
   5.000E+00  -7.400E+00  -4.400E+00   2.817E-01  -1.479E+00   6.009E-01
   5.000E+00  -7.300E+00  -4.300E+00   3.437E-01  -1.645E+00   6.401E-01
   5.000E+00  -7.200E+00  -4.200E+00   4.097E-01  -1.808E+00   6.780E-01
   5.000E+00  -7.100E+00  -4.100E+00   4.793E-01  -1.966E+00   7.147E-01
   5.000E+00  -7.000E+00  -4.000E+00   5.526E-01  -2.120E+00   7.501E-01
   5.000E+00  -6.900E+00  -3.900E+00   6.293E-01  -2.267E+00   7.839E-01
   5.000E+00  -6.800E+00  -3.800E+00   7.093E-01  -2.404E+00   8.153E-01
   5.000E+00  -6.700E+00  -3.700E+00   7.923E-01  -2.531E+00   8.445E-01
   5.000E+00  -6.600E+00  -3.600E+00   8.781E-01  -2.647E+00   8.715E-01
   5.000E+00  -6.500E+00  -3.500E+00   9.665E-01  -2.750E+00   8.962E-01
   5.000E+00  -6.400E+00  -3.400E+00   1.057E+00  -2.840E+00   9.188E-01
   5.000E+00  -6.300E+00  -3.300E+00   1.150E+00  -2.919E+00   9.395E-01
   5.000E+00  -6.200E+00  -3.200E+00   1.245E+00  -2.990E+00   9.583E-01
   5.000E+00  -6.100E+00  -3.100E+00   1.342E+00  -3.052E+00   9.753E-01
   5.000E+00  -6.000E+00  -3.000E+00   1.440E+00  -3.110E+00   9.903E-01
   5.000E+00  -5.900E+00  -2.900E+00   1.540E+00  -3.162E+00   1.003E+00
   5.000E+00  -5.800E+00  -2.800E+00   1.641E+00  -3.211E+00   1.015E+00
   5.000E+00  -5.700E+00  -2.700E+00   1.743E+00  -3.256E+00   1.024E+00
   5.000E+00  -5.600E+00  -2.600E+00   1.845E+00  -3.296E+00   1.031E+00
   5.000E+00  -5.500E+00  -2.500E+00   1.949E+00  -3.332E+00   1.037E+00
   5.000E+00  -5.400E+00  -2.400E+00   2.053E+00  -3.363E+00   1.041E+00
   5.000E+00  -5.300E+00  -2.300E+00   2.157E+00  -3.389E+00   1.042E+00
   5.000E+00  -5.200E+00  -2.200E+00   2.261E+00  -3.408E+00   1.042E+00
   5.000E+00  -5.100E+00  -2.100E+00   2.365E+00  -3.417E+00   1.040E+00
   5.100E+00  -1.000E+01  -7.300E+00  -1.902E-01   1.352E+00   3.548E-02
   5.100E+00  -9.900E+00  -7.200E+00  -1.865E-01   1.390E+00   3.858E-02
   5.100E+00  -9.800E+00  -7.100E+00  -1.825E-01   1.427E+00   4.210E-02
   5.100E+00  -9.700E+00  -7.000E+00  -1.781E-01   1.462E+00   4.604E-02
   5.100E+00  -9.600E+00  -6.900E+00  -1.733E-01   1.494E+00   5.006E-02
   5.100E+00  -9.500E+00  -6.800E+00  -1.681E-01   1.524E+00   5.384E-02
   5.100E+00  -9.400E+00  -6.700E+00  -1.625E-01   1.549E+00   5.736E-02
   5.100E+00  -9.300E+00  -6.600E+00  -1.566E-01   1.569E+00   6.064E-02
   5.100E+00  -9.200E+00  -6.500E+00  -1.504E-01   1.581E+00   6.366E-02
   5.100E+00  -9.100E+00  -6.400E+00  -1.438E-01   1.580E+00   6.761E-02
   5.100E+00  -9.000E+00  -6.300E+00  -1.368E-01   1.565E+00   7.367E-02
   5.100E+00  -8.900E+00  -6.200E+00  -1.290E-01   1.537E+00   8.183E-02
   5.100E+00  -8.800E+00  -6.100E+00  -1.203E-01   1.497E+00   9.209E-02
   5.100E+00  -8.700E+00  -6.000E+00  -1.105E-01   1.446E+00   1.044E-01
   5.100E+00  -8.600E+00  -5.900E+00  -9.939E-02   1.387E+00   1.190E-01
   5.100E+00  -8.500E+00  -5.800E+00  -8.665E-02   1.318E+00   1.360E-01
   5.100E+00  -8.400E+00  -5.700E+00  -7.210E-02   1.239E+00   1.553E-01
   5.100E+00  -8.300E+00  -5.600E+00  -5.550E-02   1.151E+00   1.770E-01
   5.100E+00  -8.200E+00  -5.500E+00  -3.662E-02   1.054E+00   2.011E-01
   5.100E+00  -8.100E+00  -5.400E+00  -1.523E-02   9.487E-01   2.269E-01
   5.100E+00  -8.000E+00  -5.300E+00   8.810E-03   8.381E-01   2.540E-01
   5.100E+00  -7.900E+00  -5.200E+00   3.561E-02   7.221E-01   2.822E-01
   5.100E+00  -7.800E+00  -5.100E+00   6.529E-02   6.008E-01   3.117E-01
   5.100E+00  -7.700E+00  -5.000E+00   9.798E-02   4.746E-01   3.423E-01
   5.100E+00  -7.600E+00  -4.900E+00   1.338E-01   3.439E-01   3.740E-01
   5.100E+00  -7.500E+00  -4.800E+00   1.728E-01   2.087E-01   4.066E-01
   5.100E+00  -7.400E+00  -4.700E+00   2.151E-01   6.841E-02   4.401E-01
   5.100E+00  -7.300E+00  -4.600E+00   2.609E-01  -7.749E-02   4.746E-01
   5.100E+00  -7.200E+00  -4.500E+00   3.101E-01  -2.296E-01   5.099E-01
   5.100E+00  -7.100E+00  -4.400E+00   3.629E-01  -3.876E-01   5.459E-01
   5.100E+00  -7.000E+00  -4.300E+00   4.193E-01  -5.504E-01   5.822E-01
   5.100E+00  -6.900E+00  -4.200E+00   4.793E-01  -7.182E-01   6.188E-01
   5.100E+00  -6.800E+00  -4.100E+00   5.430E-01  -8.907E-01   6.557E-01
   5.100E+00  -6.700E+00  -4.000E+00   6.105E-01  -1.068E+00   6.930E-01
   5.100E+00  -6.600E+00  -3.900E+00   6.816E-01  -1.246E+00   7.293E-01
   5.100E+00  -6.500E+00  -3.800E+00   7.562E-01  -1.419E+00   7.631E-01
   5.100E+00  -6.400E+00  -3.700E+00   8.341E-01  -1.586E+00   7.946E-01
   5.100E+00  -6.300E+00  -3.600E+00   9.151E-01  -1.746E+00   8.237E-01
   5.100E+00  -6.200E+00  -3.500E+00   9.988E-01  -1.898E+00   8.505E-01
   5.100E+00  -6.100E+00  -3.400E+00   1.085E+00  -2.042E+00   8.752E-01
   5.100E+00  -6.000E+00  -3.300E+00   1.174E+00  -2.178E+00   8.983E-01
   5.100E+00  -5.900E+00  -3.200E+00   1.265E+00  -2.307E+00   9.197E-01
   5.100E+00  -5.800E+00  -3.100E+00   1.358E+00  -2.427E+00   9.395E-01
   5.100E+00  -5.700E+00  -3.000E+00   1.453E+00  -2.539E+00   9.577E-01
   5.100E+00  -5.600E+00  -2.900E+00   1.549E+00  -2.640E+00   9.738E-01
   5.100E+00  -5.500E+00  -2.800E+00   1.647E+00  -2.730E+00   9.876E-01
   5.100E+00  -5.400E+00  -2.700E+00   1.747E+00  -2.810E+00   9.990E-01
   5.100E+00  -5.300E+00  -2.600E+00   1.847E+00  -2.878E+00   1.008E+00
   5.100E+00  -5.200E+00  -2.500E+00   1.948E+00  -2.935E+00   1.015E+00
   5.100E+00  -5.100E+00  -2.400E+00   2.050E+00  -2.982E+00   1.019E+00
   5.200E+00  -1.000E+01  -7.600E+00   9.999E+00   9.999E+00   9.999E+00
   5.200E+00  -9.900E+00  -7.500E+00  -1.189E-01  -1.320E-01   9.846E-02
   5.200E+00  -9.800E+00  -7.400E+00  -1.089E-01  -9.991E-02   1.009E-01
   5.200E+00  -9.700E+00  -7.300E+00  -9.869E-02  -6.542E-02   1.035E-01
   5.200E+00  -9.600E+00  -7.200E+00  -8.820E-02  -2.832E-02   1.064E-01
   5.200E+00  -9.500E+00  -7.100E+00  -7.740E-02   1.162E-02   1.096E-01
   5.200E+00  -9.400E+00  -7.000E+00  -6.627E-02   5.464E-02   1.130E-01
   5.200E+00  -9.300E+00  -6.900E+00  -5.479E-02   1.010E-01   1.168E-01
   5.200E+00  -9.200E+00  -6.800E+00  -4.291E-02   1.513E-01   1.208E-01
   5.200E+00  -9.100E+00  -6.700E+00  -3.061E-02   2.066E-01   1.253E-01
   5.200E+00  -9.000E+00  -6.600E+00  -1.784E-02   2.678E-01   1.300E-01
   5.200E+00  -8.900E+00  -6.500E+00  -4.586E-03   3.358E-01   1.352E-01
   5.200E+00  -8.800E+00  -6.400E+00   9.197E-03   4.117E-01   1.405E-01
   5.200E+00  -8.700E+00  -6.300E+00   2.351E-02   4.948E-01   1.458E-01
   5.200E+00  -8.600E+00  -6.200E+00   3.837E-02   5.836E-01   1.512E-01
   5.200E+00  -8.500E+00  -6.100E+00   5.376E-02   6.765E-01   1.566E-01
   5.200E+00  -8.400E+00  -6.000E+00   6.969E-02   7.721E-01   1.621E-01
   5.200E+00  -8.300E+00  -5.900E+00   8.621E-02   8.659E-01   1.685E-01
   5.200E+00  -8.200E+00  -5.800E+00   1.035E-01   9.528E-01   1.769E-01
   5.200E+00  -8.100E+00  -5.700E+00   1.216E-01   1.031E+00   1.872E-01
   5.200E+00  -8.000E+00  -5.600E+00   1.410E-01   1.098E+00   1.995E-01
   5.200E+00  -7.900E+00  -5.500E+00   1.616E-01   1.152E+00   2.137E-01
   5.200E+00  -7.800E+00  -5.400E+00   1.838E-01   1.192E+00   2.298E-01
   5.200E+00  -7.700E+00  -5.300E+00   2.076E-01   1.215E+00   2.475E-01
   5.200E+00  -7.600E+00  -5.200E+00   2.333E-01   1.220E+00   2.670E-01
   5.200E+00  -7.500E+00  -5.100E+00   2.611E-01   1.205E+00   2.882E-01
   5.200E+00  -7.400E+00  -5.000E+00   2.910E-01   1.169E+00   3.112E-01
   5.200E+00  -7.300E+00  -4.900E+00   3.234E-01   1.110E+00   3.357E-01
   5.200E+00  -7.200E+00  -4.800E+00   3.582E-01   1.029E+00   3.616E-01
   5.200E+00  -7.100E+00  -4.700E+00   3.957E-01   9.281E-01   3.889E-01
   5.200E+00  -7.000E+00  -4.600E+00   4.360E-01   8.071E-01   4.175E-01
   5.200E+00  -6.900E+00  -4.500E+00   4.793E-01   6.671E-01   4.476E-01
   5.200E+00  -6.800E+00  -4.400E+00   5.256E-01   5.102E-01   4.787E-01
   5.200E+00  -6.700E+00  -4.300E+00   5.751E-01   3.393E-01   5.106E-01
   5.200E+00  -6.600E+00  -4.200E+00   6.277E-01   1.562E-01   5.432E-01
   5.200E+00  -6.500E+00  -4.100E+00   6.837E-01  -3.708E-02   5.766E-01
   5.200E+00  -6.400E+00  -4.000E+00   7.431E-01  -2.385E-01   6.106E-01
   5.200E+00  -6.300E+00  -3.900E+00   8.058E-01  -4.435E-01   6.445E-01
   5.200E+00  -6.200E+00  -3.800E+00   8.719E-01  -6.475E-01   6.773E-01
   5.200E+00  -6.100E+00  -3.700E+00   9.413E-01  -8.488E-01   7.089E-01
   5.200E+00  -6.000E+00  -3.600E+00   1.014E+00  -1.046E+00   7.393E-01
   5.200E+00  -5.900E+00  -3.500E+00   1.089E+00  -1.238E+00   7.687E-01
   5.200E+00  -5.800E+00  -3.400E+00   1.167E+00  -1.421E+00   7.964E-01
   5.200E+00  -5.700E+00  -3.300E+00   1.248E+00  -1.593E+00   8.219E-01
   5.200E+00  -5.600E+00  -3.200E+00   1.332E+00  -1.757E+00   8.453E-01
   5.200E+00  -5.500E+00  -3.100E+00   1.417E+00  -1.910E+00   8.666E-01
   5.200E+00  -5.400E+00  -3.000E+00   1.505E+00  -2.055E+00   8.857E-01
   5.200E+00  -5.300E+00  -2.900E+00   1.594E+00  -2.191E+00   9.027E-01
   5.200E+00  -5.200E+00  -2.800E+00   1.685E+00  -2.318E+00   9.173E-01
   5.200E+00  -5.100E+00  -2.700E+00   1.778E+00  -2.439E+00   9.297E-01
   5.300E+00  -9.700E+00  -7.600E+00   9.999E+00   9.999E+00   9.999E+00
   5.300E+00  -9.600E+00  -7.500E+00  -2.068E-01  -2.239E+00   1.687E-01
   5.300E+00  -9.500E+00  -7.400E+00  -1.898E-01  -2.243E+00   1.720E-01
   5.300E+00  -9.400E+00  -7.300E+00  -1.724E-01  -2.235E+00   1.756E-01
   5.300E+00  -9.300E+00  -7.200E+00  -1.547E-01  -2.215E+00   1.794E-01
   5.300E+00  -9.200E+00  -7.100E+00  -1.365E-01  -2.185E+00   1.835E-01
   5.300E+00  -9.100E+00  -7.000E+00  -1.180E-01  -2.146E+00   1.878E-01
   5.300E+00  -9.000E+00  -6.900E+00  -9.898E-02  -2.099E+00   1.921E-01
   5.300E+00  -8.900E+00  -6.800E+00  -7.958E-02  -2.043E+00   1.961E-01
   5.300E+00  -8.800E+00  -6.700E+00  -5.978E-02  -1.979E+00   1.998E-01
   5.300E+00  -8.700E+00  -6.600E+00  -3.963E-02  -1.907E+00   2.032E-01
   5.300E+00  -8.600E+00  -6.500E+00  -1.916E-02  -1.827E+00   2.063E-01
   5.300E+00  -8.500E+00  -6.400E+00   1.652E-03  -1.744E+00   2.101E-01
   5.300E+00  -8.400E+00  -6.300E+00   2.292E-02  -1.663E+00   2.155E-01
   5.300E+00  -8.300E+00  -6.200E+00   4.480E-02  -1.587E+00   2.224E-01
   5.300E+00  -8.200E+00  -6.100E+00   6.745E-02  -1.519E+00   2.309E-01
   5.300E+00  -8.100E+00  -6.000E+00   9.104E-02  -1.463E+00   2.411E-01
   5.300E+00  -8.000E+00  -5.900E+00   1.157E-01  -1.420E+00   2.527E-01
   5.300E+00  -7.900E+00  -5.800E+00   1.416E-01  -1.388E+00   2.657E-01
   5.300E+00  -7.800E+00  -5.700E+00   1.689E-01  -1.366E+00   2.801E-01
   5.300E+00  -7.700E+00  -5.600E+00   1.977E-01  -1.352E+00   2.959E-01
   5.300E+00  -7.600E+00  -5.500E+00   2.281E-01  -1.342E+00   3.132E-01
   5.300E+00  -7.500E+00  -5.400E+00   2.603E-01  -1.333E+00   3.308E-01
   5.300E+00  -7.400E+00  -5.300E+00   2.943E-01  -1.320E+00   3.479E-01
   5.300E+00  -7.300E+00  -5.200E+00   3.299E-01  -1.302E+00   3.645E-01
   5.300E+00  -7.200E+00  -5.100E+00   3.672E-01  -1.277E+00   3.805E-01
   5.300E+00  -7.100E+00  -5.000E+00   4.060E-01  -1.245E+00   3.959E-01
   5.300E+00  -7.000E+00  -4.900E+00   4.463E-01  -1.204E+00   4.108E-01
   5.300E+00  -6.900E+00  -4.800E+00   4.881E-01  -1.157E+00   4.251E-01
   5.300E+00  -6.800E+00  -4.700E+00   5.313E-01  -1.107E+00   4.387E-01
   5.300E+00  -6.700E+00  -4.600E+00   5.759E-01  -1.058E+00   4.518E-01
   5.300E+00  -6.600E+00  -4.500E+00   6.217E-01  -1.012E+00   4.642E-01
   5.300E+00  -6.500E+00  -4.400E+00   6.687E-01  -9.763E-01   4.772E-01
   5.300E+00  -6.400E+00  -4.300E+00   7.172E-01  -9.569E-01   4.919E-01
   5.300E+00  -6.300E+00  -4.200E+00   7.671E-01  -9.561E-01   5.082E-01
   5.300E+00  -6.200E+00  -4.100E+00   8.189E-01  -9.760E-01   5.264E-01
   5.300E+00  -6.100E+00  -4.000E+00   8.725E-01  -1.019E+00   5.462E-01
   5.300E+00  -6.000E+00  -3.900E+00   9.281E-01  -1.086E+00   5.675E-01
   5.300E+00  -5.900E+00  -3.800E+00   9.860E-01  -1.175E+00   5.900E-01
   5.300E+00  -5.800E+00  -3.700E+00   1.046E+00  -1.286E+00   6.139E-01
   5.300E+00  -5.700E+00  -3.600E+00   1.109E+00  -1.416E+00   6.389E-01
   5.300E+00  -5.600E+00  -3.500E+00   1.174E+00  -1.563E+00   6.653E-01
   5.300E+00  -5.500E+00  -3.400E+00   1.242E+00  -1.725E+00   6.919E-01
   5.300E+00  -5.400E+00  -3.300E+00   1.312E+00  -1.893E+00   7.176E-01
   5.300E+00  -5.300E+00  -3.200E+00   1.385E+00  -2.065E+00   7.426E-01
   5.300E+00  -5.200E+00  -3.100E+00   1.461E+00  -2.238E+00   7.668E-01
   5.300E+00  -5.100E+00  -3.000E+00   1.539E+00  -2.408E+00   7.902E-01
   5.400E+00  -9.400E+00  -7.600E+00   9.999E+00   9.999E+00   9.999E+00
   5.400E+00  -9.300E+00  -7.500E+00  -3.672E-01  -1.587E+00   1.010E-01
   5.400E+00  -9.200E+00  -7.400E+00  -3.567E-01  -1.684E+00   1.094E-01
   5.400E+00  -9.100E+00  -7.300E+00  -3.453E-01  -1.787E+00   1.184E-01
   5.400E+00  -9.000E+00  -7.200E+00  -3.330E-01  -1.897E+00   1.282E-01
   5.400E+00  -8.900E+00  -7.100E+00  -3.197E-01  -2.011E+00   1.386E-01
   5.400E+00  -8.800E+00  -7.000E+00  -3.053E-01  -2.128E+00   1.497E-01
   5.400E+00  -8.700E+00  -6.900E+00  -2.897E-01  -2.249E+00   1.613E-01
   5.400E+00  -8.600E+00  -6.800E+00  -2.730E-01  -2.369E+00   1.733E-01
   5.400E+00  -8.500E+00  -6.700E+00  -2.550E-01  -2.490E+00   1.857E-01
   5.400E+00  -8.400E+00  -6.600E+00  -2.358E-01  -2.610E+00   1.984E-01
   5.400E+00  -8.300E+00  -6.500E+00  -2.154E-01  -2.729E+00   2.115E-01
   5.400E+00  -8.200E+00  -6.400E+00  -1.935E-01  -2.846E+00   2.255E-01
   5.400E+00  -8.100E+00  -6.300E+00  -1.702E-01  -2.963E+00   2.410E-01
   5.400E+00  -8.000E+00  -6.200E+00  -1.453E-01  -3.077E+00   2.580E-01
   5.400E+00  -7.900E+00  -6.100E+00  -1.186E-01  -3.189E+00   2.764E-01
   5.400E+00  -7.800E+00  -6.000E+00  -8.994E-02  -3.295E+00   2.964E-01
   5.400E+00  -7.700E+00  -5.900E+00  -5.927E-02  -3.393E+00   3.169E-01
   5.400E+00  -7.600E+00  -5.800E+00  -2.659E-02  -3.477E+00   3.368E-01
   5.400E+00  -7.500E+00  -5.700E+00   8.062E-03  -3.546E+00   3.561E-01
   5.400E+00  -7.400E+00  -5.600E+00   4.462E-02  -3.599E+00   3.749E-01
   5.400E+00  -7.300E+00  -5.500E+00   8.303E-02  -3.636E+00   3.932E-01
   5.400E+00  -7.200E+00  -5.400E+00   1.232E-01  -3.654E+00   4.109E-01
   5.400E+00  -7.100E+00  -5.300E+00   1.652E-01  -3.656E+00   4.280E-01
   5.400E+00  -7.000E+00  -5.200E+00   2.088E-01  -3.642E+00   4.445E-01
   5.400E+00  -6.900E+00  -5.100E+00   2.541E-01  -3.615E+00   4.605E-01
   5.400E+00  -6.800E+00  -5.000E+00   3.009E-01  -3.575E+00   4.758E-01
   5.400E+00  -6.700E+00  -4.900E+00   3.492E-01  -3.525E+00   4.908E-01
   5.400E+00  -6.600E+00  -4.800E+00   3.990E-01  -3.467E+00   5.056E-01
   5.400E+00  -6.500E+00  -4.700E+00   4.503E-01  -3.406E+00   5.203E-01
   5.400E+00  -6.400E+00  -4.600E+00   5.031E-01  -3.343E+00   5.347E-01
   5.400E+00  -6.300E+00  -4.500E+00   5.573E-01  -3.282E+00   5.490E-01
   5.400E+00  -6.200E+00  -4.400E+00   6.129E-01  -3.222E+00   5.627E-01
   5.400E+00  -6.100E+00  -4.300E+00   6.698E-01  -3.163E+00   5.752E-01
   5.400E+00  -6.000E+00  -4.200E+00   7.279E-01  -3.103E+00   5.867E-01
   5.400E+00  -5.900E+00  -4.100E+00   7.871E-01  -3.042E+00   5.970E-01
   5.400E+00  -5.800E+00  -4.000E+00   8.472E-01  -2.978E+00   6.062E-01
   5.400E+00  -5.700E+00  -3.900E+00   9.083E-01  -2.913E+00   6.148E-01
   5.400E+00  -5.600E+00  -3.800E+00   9.702E-01  -2.850E+00   6.235E-01
   5.400E+00  -5.500E+00  -3.700E+00   1.033E+00  -2.793E+00   6.321E-01
   5.400E+00  -5.400E+00  -3.600E+00   1.097E+00  -2.743E+00   6.407E-01
   5.400E+00  -5.300E+00  -3.500E+00   1.161E+00  -2.705E+00   6.492E-01
   5.400E+00  -5.200E+00  -3.400E+00   1.226E+00  -2.683E+00   6.585E-01
   5.400E+00  -5.100E+00  -3.300E+00   1.293E+00  -2.681E+00   6.691E-01
   5.500E+00  -9.100E+00  -7.600E+00   9.999E+00   9.999E+00   9.999E+00
   5.500E+00  -9.000E+00  -7.500E+00  -4.418E-01  -4.284E-01   3.595E-02
   5.500E+00  -8.900E+00  -7.400E+00  -4.381E-01  -4.716E-01   3.826E-02
   5.500E+00  -8.800E+00  -7.300E+00  -4.341E-01  -5.272E-01   4.184E-02
   5.500E+00  -8.700E+00  -7.200E+00  -4.297E-01  -5.949E-01   4.668E-02
   5.500E+00  -8.600E+00  -7.100E+00  -4.248E-01  -6.744E-01   5.278E-02
   5.500E+00  -8.500E+00  -7.000E+00  -4.191E-01  -7.652E-01   6.016E-02
   5.500E+00  -8.400E+00  -6.900E+00  -4.127E-01  -8.669E-01   6.870E-02
   5.500E+00  -8.300E+00  -6.800E+00  -4.054E-01  -9.792E-01   7.831E-02
   5.500E+00  -8.200E+00  -6.700E+00  -3.970E-01  -1.102E+00   8.899E-02
   5.500E+00  -8.100E+00  -6.600E+00  -3.875E-01  -1.237E+00   1.007E-01
   5.500E+00  -8.000E+00  -6.500E+00  -3.768E-01  -1.382E+00   1.136E-01
   5.500E+00  -7.900E+00  -6.400E+00  -3.648E-01  -1.540E+00   1.278E-01
   5.500E+00  -7.800E+00  -6.300E+00  -3.512E-01  -1.709E+00   1.438E-01
   5.500E+00  -7.700E+00  -6.200E+00  -3.359E-01  -1.888E+00   1.615E-01
   5.500E+00  -7.600E+00  -6.100E+00  -3.188E-01  -2.076E+00   1.810E-01
   5.500E+00  -7.500E+00  -6.000E+00  -2.997E-01  -2.271E+00   2.023E-01
   5.500E+00  -7.400E+00  -5.900E+00  -2.783E-01  -2.469E+00   2.251E-01
   5.500E+00  -7.300E+00  -5.800E+00  -2.546E-01  -2.669E+00   2.490E-01
   5.500E+00  -7.200E+00  -5.700E+00  -2.285E-01  -2.870E+00   2.742E-01
   5.500E+00  -7.100E+00  -5.600E+00  -1.997E-01  -3.069E+00   3.006E-01
   5.500E+00  -7.000E+00  -5.500E+00  -1.683E-01  -3.264E+00   3.282E-01
   5.500E+00  -6.900E+00  -5.400E+00  -1.341E-01  -3.455E+00   3.569E-01
   5.500E+00  -6.800E+00  -5.300E+00  -9.692E-02  -3.640E+00   3.865E-01
   5.500E+00  -6.700E+00  -5.200E+00  -5.674E-02  -3.818E+00   4.172E-01
   5.500E+00  -6.600E+00  -5.100E+00  -1.345E-02  -3.989E+00   4.487E-01
   5.500E+00  -6.500E+00  -5.000E+00   3.304E-02  -4.154E+00   4.813E-01
   5.500E+00  -6.400E+00  -4.900E+00   8.281E-02  -4.308E+00   5.140E-01
   5.500E+00  -6.300E+00  -4.800E+00   1.358E-01  -4.447E+00   5.460E-01
   5.500E+00  -6.200E+00  -4.700E+00   1.920E-01  -4.566E+00   5.774E-01
   5.500E+00  -6.100E+00  -4.600E+00   2.513E-01  -4.663E+00   6.080E-01
   5.500E+00  -6.000E+00  -4.500E+00   3.136E-01  -4.734E+00   6.380E-01
   5.500E+00  -5.900E+00  -4.400E+00   3.788E-01  -4.771E+00   6.655E-01
   5.500E+00  -5.800E+00  -4.300E+00   4.465E-01  -4.771E+00   6.886E-01
   5.500E+00  -5.700E+00  -4.200E+00   5.164E-01  -4.736E+00   7.073E-01
   5.500E+00  -5.600E+00  -4.100E+00   5.878E-01  -4.670E+00   7.216E-01
   5.500E+00  -5.500E+00  -4.000E+00   6.605E-01  -4.574E+00   7.316E-01
   5.500E+00  -5.400E+00  -3.900E+00   7.340E-01  -4.455E+00   7.382E-01
   5.500E+00  -5.300E+00  -3.800E+00   8.081E-01  -4.322E+00   7.428E-01
   5.500E+00  -5.200E+00  -3.700E+00   8.825E-01  -4.180E+00   7.451E-01
   5.500E+00  -5.100E+00  -3.600E+00   9.571E-01  -4.036E+00   7.453E-01
   5.600E+00  -8.800E+00  -7.600E+00   9.999E+00   9.999E+00   9.999E+00
   5.600E+00  -8.700E+00  -7.500E+00  -4.586E-01  -9.057E-02   1.206E-02
   5.600E+00  -8.600E+00  -7.400E+00  -4.574E-01  -1.039E-01   1.256E-02
   5.600E+00  -8.500E+00  -7.300E+00  -4.561E-01  -1.207E-01   1.378E-02
   5.600E+00  -8.400E+00  -7.200E+00  -4.546E-01  -1.414E-01   1.574E-02
   5.600E+00  -8.300E+00  -7.100E+00  -4.529E-01  -1.664E-01   1.842E-02
   5.600E+00  -8.200E+00  -7.000E+00  -4.509E-01  -1.960E-01   2.183E-02
   5.600E+00  -8.100E+00  -6.900E+00  -4.485E-01  -2.301E-01   2.579E-02
   5.600E+00  -8.000E+00  -6.800E+00  -4.457E-01  -2.686E-01   3.010E-02
   5.600E+00  -7.900E+00  -6.700E+00  -4.425E-01  -3.122E-01   3.477E-02
   5.600E+00  -7.800E+00  -6.600E+00  -4.387E-01  -3.611E-01   3.980E-02
   5.600E+00  -7.700E+00  -6.500E+00  -4.345E-01  -4.161E-01   4.518E-02
   5.600E+00  -7.600E+00  -6.400E+00  -4.297E-01  -4.794E-01   5.158E-02
   5.600E+00  -7.500E+00  -6.300E+00  -4.241E-01  -5.531E-01   5.962E-02
   5.600E+00  -7.400E+00  -6.200E+00  -4.177E-01  -6.374E-01   6.931E-02
   5.600E+00  -7.300E+00  -6.100E+00  -4.102E-01  -7.322E-01   8.066E-02
   5.600E+00  -7.200E+00  -6.000E+00  -4.015E-01  -8.376E-01   9.366E-02
   5.600E+00  -7.100E+00  -5.900E+00  -3.914E-01  -9.552E-01   1.087E-01
   5.600E+00  -7.000E+00  -5.800E+00  -3.797E-01  -1.087E+00   1.260E-01
   5.600E+00  -6.900E+00  -5.700E+00  -3.661E-01  -1.236E+00   1.457E-01
   5.600E+00  -6.800E+00  -5.600E+00  -3.505E-01  -1.403E+00   1.677E-01
   5.600E+00  -6.700E+00  -5.500E+00  -3.325E-01  -1.591E+00   1.921E-01
   5.600E+00  -6.600E+00  -5.400E+00  -3.120E-01  -1.802E+00   2.195E-01
   5.600E+00  -6.500E+00  -5.300E+00  -2.885E-01  -2.036E+00   2.508E-01
   5.600E+00  -6.400E+00  -5.200E+00  -2.617E-01  -2.291E+00   2.858E-01
   5.600E+00  -6.300E+00  -5.100E+00  -2.312E-01  -2.563E+00   3.247E-01
   5.600E+00  -6.200E+00  -5.000E+00  -1.966E-01  -2.850E+00   3.674E-01
   5.600E+00  -6.100E+00  -4.900E+00  -1.576E-01  -3.145E+00   4.130E-01
   5.600E+00  -6.000E+00  -4.800E+00  -1.140E-01  -3.441E+00   4.606E-01
   5.600E+00  -5.900E+00  -4.700E+00  -6.544E-02  -3.733E+00   5.103E-01
   5.600E+00  -5.800E+00  -4.600E+00  -1.184E-02  -4.014E+00   5.620E-01
   5.600E+00  -5.700E+00  -4.500E+00   4.703E-02  -4.281E+00   6.157E-01
   5.600E+00  -5.600E+00  -4.400E+00   1.112E-01  -4.516E+00   6.677E-01
   5.600E+00  -5.500E+00  -4.300E+00   1.804E-01  -4.708E+00   7.143E-01
   5.600E+00  -5.400E+00  -4.200E+00   2.539E-01  -4.856E+00   7.554E-01
   5.600E+00  -5.300E+00  -4.100E+00   3.313E-01  -4.959E+00   7.910E-01
   5.600E+00  -5.200E+00  -4.000E+00   4.119E-01  -5.017E+00   8.212E-01
   5.600E+00  -5.100E+00  -3.900E+00   4.953E-01  -5.027E+00   8.453E-01
  
   5.700E+00  -8.500E+00  -7.600E+00   9.999E+00   9.999E+00   9.999E+00
   5.700E+00  -8.400E+00  -7.500E+00  -4.620E-01  -5.864E-02   8.983E-03
   5.700E+00  -8.300E+00  -7.400E+00  -4.611E-01  -5.785E-02   8.668E-03
   5.700E+00  -8.200E+00  -7.300E+00  -4.602E-01  -5.839E-02   8.775E-03
   5.700E+00  -8.100E+00  -7.200E+00  -4.593E-01  -6.052E-02   9.303E-03
   5.700E+00  -8.000E+00  -7.100E+00  -4.584E-01  -6.448E-02   1.025E-02
   5.700E+00  -7.900E+00  -7.000E+00  -4.573E-01  -7.053E-02   1.163E-02
   5.700E+00  -7.800E+00  -6.900E+00  -4.560E-01  -7.876E-02   1.337E-02
   5.700E+00  -7.700E+00  -6.800E+00  -4.546E-01  -8.922E-02   1.544E-02
   5.700E+00  -7.600E+00  -6.700E+00  -4.529E-01  -1.021E-01   1.783E-02
   5.700E+00  -7.500E+00  -6.600E+00  -4.510E-01  -1.176E-01   2.055E-02
   5.700E+00  -7.400E+00  -6.500E+00  -4.488E-01  -1.359E-01   2.359E-02
   5.700E+00  -7.300E+00  -6.400E+00  -4.463E-01  -1.578E-01   2.712E-02
   5.700E+00  -7.200E+00  -6.300E+00  -4.434E-01  -1.841E-01   3.132E-02
   5.700E+00  -7.100E+00  -6.200E+00  -4.400E-01  -2.152E-01   3.619E-02
   5.700E+00  -7.000E+00  -6.100E+00  -4.361E-01  -2.516E-01   4.173E-02
   5.700E+00  -6.900E+00  -6.000E+00  -4.316E-01  -2.935E-01   4.794E-02
   5.700E+00  -6.800E+00  -5.900E+00  -4.265E-01  -3.430E-01   5.530E-02
   5.700E+00  -6.700E+00  -5.800E+00  -4.205E-01  -4.023E-01   6.431E-02
   5.700E+00  -6.600E+00  -5.700E+00  -4.135E-01  -4.723E-01   7.497E-02
   5.700E+00  -6.500E+00  -5.600E+00  -4.055E-01  -5.539E-01   8.728E-02
   5.700E+00  -6.400E+00  -5.500E+00  -3.960E-01  -6.480E-01   1.012E-01
   5.700E+00  -6.300E+00  -5.400E+00  -3.851E-01  -7.589E-01   1.179E-01
   5.700E+00  -6.200E+00  -5.300E+00  -3.723E-01  -8.916E-01   1.385E-01
   5.700E+00  -6.100E+00  -5.200E+00  -3.573E-01  -1.048E+00   1.629E-01
   5.700E+00  -6.000E+00  -5.100E+00  -3.396E-01  -1.229E+00   1.912E-01
   5.700E+00  -5.900E+00  -5.000E+00  -3.189E-01  -1.438E+00   2.233E-01
   5.700E+00  -5.800E+00  -4.900E+00  -2.948E-01  -1.677E+00   2.602E-01
   5.700E+00  -5.700E+00  -4.800E+00  -2.667E-01  -1.950E+00   3.029E-01
   5.700E+00  -5.600E+00  -4.700E+00  -2.340E-01  -2.252E+00   3.514E-01
   5.700E+00  -5.500E+00  -4.600E+00  -1.962E-01  -2.584E+00   4.057E-01
   5.700E+00  -5.400E+00  -4.500E+00  -1.527E-01  -2.941E+00   4.657E-01
   5.700E+00  -5.300E+00  -4.400E+00  -1.030E-01  -3.314E+00   5.289E-01
   5.700E+00  -5.200E+00  -4.300E+00  -4.690E-02  -3.689E+00   5.926E-01
   5.700E+00  -5.100E+00  -4.200E+00   1.557E-02  -4.057E+00   6.569E-01
  
   5.800E+00  -8.200E+00  -7.600E+00   9.999E+00   9.999E+00   9.999E+00
   5.800E+00  -8.100E+00  -7.500E+00  -4.644E-01  -1.997E-02   5.534E-03
   5.800E+00  -8.000E+00  -7.400E+00  -4.638E-01  -2.369E-02   5.838E-03
   5.800E+00  -7.900E+00  -7.300E+00  -4.632E-01  -2.840E-02   6.374E-03
   5.800E+00  -7.800E+00  -7.200E+00  -4.626E-01  -3.406E-02   7.144E-03
   5.800E+00  -7.700E+00  -7.100E+00  -4.618E-01  -4.064E-02   8.147E-03
   5.800E+00  -7.600E+00  -7.000E+00  -4.609E-01  -4.811E-02   9.384E-03
   5.800E+00  -7.500E+00  -6.900E+00  -4.599E-01  -5.637E-02   1.084E-02
   5.800E+00  -7.400E+00  -6.800E+00  -4.588E-01  -6.527E-02   1.250E-02
   5.800E+00  -7.300E+00  -6.700E+00  -4.574E-01  -7.465E-02   1.436E-02
   5.800E+00  -7.200E+00  -6.600E+00  -4.559E-01  -8.438E-02   1.642E-02
   5.800E+00  -7.100E+00  -6.500E+00  -4.541E-01  -9.431E-02   1.869E-02
   5.800E+00  -7.000E+00  -6.400E+00  -4.521E-01  -1.045E-01   2.121E-02
   5.800E+00  -6.900E+00  -6.300E+00  -4.499E-01  -1.154E-01   2.404E-02
   5.800E+00  -6.800E+00  -6.200E+00  -4.473E-01  -1.271E-01   2.718E-02
   5.800E+00  -6.700E+00  -6.100E+00  -4.444E-01  -1.398E-01   3.063E-02
   5.800E+00  -6.600E+00  -6.000E+00  -4.412E-01  -1.540E-01   3.438E-02
   5.800E+00  -6.500E+00  -5.900E+00  -4.375E-01  -1.711E-01   3.886E-02
   5.800E+00  -6.400E+00  -5.800E+00  -4.334E-01  -1.933E-01   4.449E-02
   5.800E+00  -6.300E+00  -5.700E+00  -4.286E-01  -2.217E-01   5.125E-02
   5.800E+00  -6.200E+00  -5.600E+00  -4.231E-01  -2.573E-01   5.916E-02
   5.800E+00  -6.100E+00  -5.500E+00  -4.167E-01  -3.010E-01   6.821E-02
   5.800E+00  -6.000E+00  -5.400E+00  -4.094E-01  -3.557E-01   7.906E-02
   5.800E+00  -5.900E+00  -5.300E+00  -4.008E-01  -4.231E-01   9.234E-02
   5.800E+00  -5.800E+00  -5.200E+00  -3.908E-01  -5.031E-01   1.081E-01
   5.800E+00  -5.700E+00  -5.100E+00  -3.791E-01  -5.952E-01   1.262E-01
   5.800E+00  -5.600E+00  -5.000E+00  -3.655E-01  -6.992E-01   1.468E-01
   5.800E+00  -5.500E+00  -4.900E+00  -3.497E-01  -8.184E-01   1.708E-01
   5.800E+00  -5.400E+00  -4.800E+00  -3.312E-01  -9.580E-01   1.993E-01
   5.800E+00  -5.300E+00  -4.700E+00  -3.096E-01  -1.121E+00   2.321E-01
   5.800E+00  -5.200E+00  -4.600E+00  -2.846E-01  -1.311E+00   2.694E-01
   5.800E+00  -5.100E+00  -4.500E+00  -2.556E-01  -1.530E+00   3.112E-01
  
   5.900E+00  -7.900E+00  -7.600E+00   9.999E+00   9.999E+00   9.999E+00
   5.900E+00  -7.800E+00  -7.500E+00  -4.637E-01   1.205E-02   3.985E-03
   5.900E+00  -7.700E+00  -7.400E+00  -4.633E-01   1.172E-02   3.997E-03
   5.900E+00  -7.600E+00  -7.300E+00  -4.629E-01   1.056E-02   4.239E-03
   5.900E+00  -7.500E+00  -7.200E+00  -4.624E-01   8.528E-03   4.713E-03
   5.900E+00  -7.400E+00  -7.100E+00  -4.619E-01   5.564E-03   5.418E-03
   5.900E+00  -7.300E+00  -7.000E+00  -4.613E-01   1.610E-03   6.354E-03
   5.900E+00  -7.200E+00  -6.900E+00  -4.606E-01  -3.402E-03   7.523E-03
   5.900E+00  -7.100E+00  -6.800E+00  -4.598E-01  -9.575E-03   8.926E-03
   5.900E+00  -7.000E+00  -6.700E+00  -4.588E-01  -1.702E-02   1.056E-02
   5.900E+00  -6.900E+00  -6.600E+00  -4.577E-01  -2.583E-02   1.244E-02
   5.900E+00  -6.800E+00  -6.500E+00  -4.563E-01  -3.612E-02   1.454E-02
   5.900E+00  -6.700E+00  -6.400E+00  -4.548E-01  -4.794E-02   1.688E-02
   5.900E+00  -6.600E+00  -6.300E+00  -4.530E-01  -6.124E-02   1.944E-02
   5.900E+00  -6.500E+00  -6.200E+00  -4.509E-01  -7.596E-02   2.222E-02
   5.900E+00  -6.400E+00  -6.100E+00  -4.485E-01  -9.202E-02   2.522E-02
   5.900E+00  -6.300E+00  -6.000E+00  -4.458E-01  -1.094E-01   2.845E-02
   5.900E+00  -6.200E+00  -5.900E+00  -4.428E-01  -1.291E-01   3.228E-02
   5.900E+00  -6.100E+00  -5.800E+00  -4.393E-01  -1.522E-01   3.709E-02
   5.900E+00  -6.000E+00  -5.700E+00  -4.353E-01  -1.788E-01   4.289E-02
   5.900E+00  -5.900E+00  -5.600E+00  -4.307E-01  -2.087E-01   4.967E-02
   5.900E+00  -5.800E+00  -5.500E+00  -4.254E-01  -2.420E-01   5.744E-02
   5.900E+00  -5.700E+00  -5.400E+00  -4.192E-01  -2.796E-01   6.652E-02
   5.900E+00  -5.600E+00  -5.300E+00  -4.120E-01  -3.228E-01   7.725E-02
   5.900E+00  -5.500E+00  -5.200E+00  -4.037E-01  -3.719E-01   8.961E-02
   5.900E+00  -5.400E+00  -5.100E+00  -3.940E-01  -4.272E-01   1.036E-01
   5.900E+00  -5.300E+00  -5.000E+00  -3.829E-01  -4.890E-01   1.193E-01
   5.900E+00  -5.200E+00  -4.900E+00  -3.701E-01  -5.604E-01   1.374E-01
   5.900E+00  -5.100E+00  -4.800E+00  -3.553E-01  -6.446E-01   1.589E-01
 
   6.000E+00  -7.600E+00  -7.600E+00   9.999E+00   9.999E+00   9.999E+00
   6.000E+00  -7.500E+00  -7.500E+00  -4.595E-01   1.650E-02   7.319E-03
   6.000E+00  -7.400E+00  -7.400E+00  -4.588E-01   2.412E-02   7.004E-03
   6.000E+00  -7.300E+00  -7.300E+00  -4.581E-01   3.088E-02   6.894E-03
   6.000E+00  -7.200E+00  -7.200E+00  -4.574E-01   3.671E-02   6.988E-03
   6.000E+00  -7.100E+00  -7.100E+00  -4.567E-01   4.156E-02   7.287E-03
   6.000E+00  -7.000E+00  -7.000E+00  -4.559E-01   4.536E-02   7.792E-03
   6.000E+00  -6.900E+00  -6.900E+00  -4.551E-01   4.817E-02   8.473E-03
   6.000E+00  -6.800E+00  -6.800E+00  -4.542E-01   5.020E-02   9.303E-03
   6.000E+00  -6.700E+00  -6.700E+00  -4.533E-01   5.163E-02   1.028E-02
   6.000E+00  -6.600E+00  -6.600E+00  -4.522E-01   5.261E-02   1.141E-02
   6.000E+00  -6.500E+00  -6.500E+00  -4.510E-01   5.332E-02   1.269E-02
   6.000E+00  -6.400E+00  -6.400E+00  -4.496E-01   5.350E-02   1.421E-02
   6.000E+00  -6.300E+00  -6.300E+00  -4.481E-01   5.235E-02   1.608E-02
   6.000E+00  -6.200E+00  -6.200E+00  -4.464E-01   4.924E-02   1.829E-02
   6.000E+00  -6.100E+00  -6.100E+00  -4.444E-01   4.354E-02   2.085E-02
   6.000E+00  -6.000E+00  -6.000E+00  -4.422E-01   3.460E-02   2.375E-02
   6.000E+00  -5.900E+00  -5.900E+00  -4.397E-01   2.149E-02   2.717E-02
   6.000E+00  -5.800E+00  -5.800E+00  -4.368E-01   4.075E-03   3.127E-02
   6.000E+00  -5.700E+00  -5.700E+00  -4.334E-01  -1.706E-02   3.607E-02
   6.000E+00  -5.600E+00  -5.600E+00  -4.295E-01  -4.133E-02   4.155E-02
   6.000E+00  -5.500E+00  -5.500E+00  -4.251E-01  -6.815E-02   4.771E-02
   6.000E+00  -5.400E+00  -5.400E+00  -4.199E-01  -9.871E-02   5.509E-02
   6.000E+00  -5.300E+00  -5.300E+00  -4.140E-01  -1.351E-01   6.421E-02
   6.000E+00  -5.200E+00  -5.200E+00  -4.070E-01  -1.781E-01   7.505E-02
   6.000E+00  -5.100E+00  -5.100E+00  -3.989E-01  -2.284E-01   8.764E-02
  
   6.100E+00  -7.300E+00  -7.600E+00   9.999E+00   9.999E+00   9.999E+00
   6.100E+00  -7.200E+00  -7.500E+00  -4.594E-01  -9.151E-02   1.323E-02
   6.100E+00  -7.100E+00  -7.400E+00  -4.580E-01  -9.409E-02   1.379E-02
   6.100E+00  -7.000E+00  -7.300E+00  -4.566E-01  -9.387E-02   1.443E-02
   6.100E+00  -6.900E+00  -7.200E+00  -4.551E-01  -9.109E-02   1.517E-02
   6.100E+00  -6.800E+00  -7.100E+00  -4.536E-01  -8.601E-02   1.599E-02
   6.100E+00  -6.700E+00  -7.000E+00  -4.519E-01  -7.887E-02   1.690E-02
   6.100E+00  -6.600E+00  -6.900E+00  -4.502E-01  -6.991E-02   1.788E-02
   6.100E+00  -6.500E+00  -6.800E+00  -4.484E-01  -5.945E-02   1.891E-02
   6.100E+00  -6.400E+00  -6.700E+00  -4.464E-01  -4.791E-02   2.000E-02
   6.100E+00  -6.300E+00  -6.600E+00  -4.444E-01  -3.572E-02   2.113E-02
   6.100E+00  -6.200E+00  -6.500E+00  -4.422E-01  -2.327E-02   2.232E-02
   6.100E+00  -6.100E+00  -6.400E+00  -4.399E-01  -1.108E-02   2.362E-02
   6.100E+00  -6.000E+00  -6.300E+00  -4.375E-01   7.227E-04   2.509E-02
   6.100E+00  -5.900E+00  -6.200E+00  -4.349E-01   1.231E-02   2.675E-02
   6.100E+00  -5.800E+00  -6.100E+00  -4.321E-01   2.383E-02   2.857E-02
   6.100E+00  -5.700E+00  -6.000E+00  -4.291E-01   3.545E-02   3.057E-02
   6.100E+00  -5.600E+00  -5.900E+00  -4.260E-01   4.668E-02   3.292E-02
   6.100E+00  -5.500E+00  -5.800E+00  -4.225E-01   5.647E-02   3.578E-02
   6.100E+00  -5.400E+00  -5.700E+00  -4.188E-01   6.412E-02   3.916E-02
   6.100E+00  -5.300E+00  -5.600E+00  -4.147E-01   6.895E-02   4.305E-02
   6.100E+00  -5.200E+00  -5.500E+00  -4.102E-01   7.028E-02   4.746E-02
   6.100E+00  -5.100E+00  -5.400E+00  -4.052E-01   6.608E-02   5.284E-02
  
   6.200E+00  -7.000E+00  -7.600E+00   9.999E+00   9.999E+00   9.999E+00
   6.200E+00  -6.900E+00  -7.500E+00  -4.663E-01  -6.666E-02   6.026E-03
   6.200E+00  -6.800E+00  -7.400E+00  -4.656E-01  -7.472E-02   6.877E-03
   6.200E+00  -6.700E+00  -7.300E+00  -4.649E-01  -8.683E-02   8.027E-03
   6.200E+00  -6.600E+00  -7.200E+00  -4.640E-01  -1.024E-01   9.477E-03
   6.200E+00  -6.500E+00  -7.100E+00  -4.630E-01  -1.208E-01   1.123E-02
   6.200E+00  -6.400E+00  -7.000E+00  -4.618E-01  -1.416E-01   1.328E-02
   6.200E+00  -6.300E+00  -6.900E+00  -4.603E-01  -1.643E-01   1.569E-02
   6.200E+00  -6.200E+00  -6.800E+00  -4.586E-01  -1.886E-01   1.854E-02
   6.200E+00  -6.100E+00  -6.700E+00  -4.566E-01  -2.140E-01   2.181E-02
   6.200E+00  -6.000E+00  -6.600E+00  -4.542E-01  -2.399E-01   2.553E-02
   6.200E+00  -5.900E+00  -6.500E+00  -4.515E-01  -2.660E-01   2.967E-02
   6.200E+00  -5.800E+00  -6.400E+00  -4.483E-01  -2.908E-01   3.401E-02
   6.200E+00  -5.700E+00  -6.300E+00  -4.447E-01  -3.130E-01   3.832E-02
   6.200E+00  -5.600E+00  -6.200E+00  -4.406E-01  -3.319E-01   4.260E-02
   6.200E+00  -5.500E+00  -6.100E+00  -4.362E-01  -3.468E-01   4.684E-02
   6.200E+00  -5.400E+00  -6.000E+00  -4.313E-01  -3.570E-01   5.105E-02
   6.200E+00  -5.300E+00  -5.900E+00  -4.260E-01  -3.622E-01   5.534E-02
   6.200E+00  -5.200E+00  -5.800E+00  -4.202E-01  -3.626E-01   5.980E-02
   6.200E+00  -5.100E+00  -5.700E+00  -4.140E-01  -3.581E-01   6.444E-02
   6.300E+00  -6.700E+00  -7.600E+00   9.999E+00   9.999E+00   9.999E+00
   6.300E+00  -6.600E+00  -7.500E+00  -4.689E-01  -2.108E-02   2.611E-03
   6.300E+00  -6.500E+00  -7.400E+00  -4.686E-01  -2.497E-02   2.273E-03
   6.300E+00  -6.400E+00  -7.300E+00  -4.684E-01  -2.879E-02   2.248E-03
   6.300E+00  -6.300E+00  -7.200E+00  -4.682E-01  -3.292E-02   2.536E-03
   6.300E+00  -6.200E+00  -7.100E+00  -4.679E-01  -3.776E-02   3.136E-03
   6.300E+00  -6.100E+00  -7.000E+00  -4.675E-01  -4.368E-02   4.049E-03
   6.300E+00  -6.000E+00  -6.900E+00  -4.671E-01  -5.100E-02   5.244E-03
   6.300E+00  -5.900E+00  -6.800E+00  -4.665E-01  -6.000E-02   6.689E-03
   6.300E+00  -5.800E+00  -6.700E+00  -4.657E-01  -7.108E-02   8.385E-03
   6.300E+00  -5.700E+00  -6.600E+00  -4.648E-01  -8.463E-02   1.033E-02
   6.300E+00  -5.600E+00  -6.500E+00  -4.636E-01  -1.011E-01   1.253E-02
   6.300E+00  -5.500E+00  -6.400E+00  -4.623E-01  -1.211E-01   1.509E-02
   6.300E+00  -5.400E+00  -6.300E+00  -4.606E-01  -1.454E-01   1.811E-02
   6.300E+00  -5.300E+00  -6.200E+00  -4.586E-01  -1.743E-01   2.160E-02
   6.300E+00  -5.200E+00  -6.100E+00  -4.563E-01  -2.083E-01   2.556E-02
   6.300E+00  -5.100E+00  -6.000E+00  -4.535E-01  -2.477E-01   2.999E-02
   6.400E+00  -6.400E+00  -7.600E+00   9.999E+00   9.999E+00   9.999E+00
   6.400E+00  -6.300E+00  -7.500E+00  -4.701E-01  -1.665E-02   2.371E-03
   6.400E+00  -6.200E+00  -7.400E+00  -4.699E-01  -1.509E-02   1.896E-03
   6.400E+00  -6.100E+00  -7.300E+00  -4.698E-01  -1.448E-02   1.603E-03
   6.400E+00  -6.000E+00  -7.200E+00  -4.696E-01  -1.485E-02   1.494E-03
   6.400E+00  -5.900E+00  -7.100E+00  -4.695E-01  -1.623E-02   1.569E-03
   6.400E+00  -5.800E+00  -7.000E+00  -4.693E-01  -1.864E-02   1.827E-03
   6.400E+00  -5.700E+00  -6.900E+00  -4.691E-01  -2.215E-02   2.292E-03
   6.400E+00  -5.600E+00  -6.800E+00  -4.688E-01  -2.672E-02   2.987E-03
   6.400E+00  -5.500E+00  -6.700E+00  -4.685E-01  -3.219E-02   3.913E-03
   6.400E+00  -5.400E+00  -6.600E+00  -4.680E-01  -3.842E-02   5.070E-03
   6.400E+00  -5.300E+00  -6.500E+00  -4.675E-01  -4.526E-02   6.457E-03
   6.400E+00  -5.200E+00  -6.400E+00  -4.667E-01  -5.241E-02   7.992E-03
   6.400E+00  -5.100E+00  -6.300E+00  -4.659E-01  -6.000E-02   9.592E-03
 


