-4.466791062897914344e+01
-4.444991062897913991e+01
-4.423191062897913639e+01
-4.401391062897913287e+01
-4.379591062897912934e+01
-4.357791062897912582e+01
-4.335991062897912229e+01
-4.314191062897911877e+01
-4.292391062897911524e+01
-4.270591062897911172e+01
-4.248791062897910820e+01
-4.226991062897910467e+01
-4.205191062897910115e+01
-4.183391062897909762e+01
-4.161591062897909410e+01
-4.139791062897909057e+01
-4.117991062897908705e+01
-4.096191062897908353e+01
-4.074391062897908000e+01
-4.052591062897907648e+01
-4.030791062897907295e+01
-4.008991062897906943e+01
-3.987191062897906590e+01
-3.965391062897906238e+01
-3.943591062897905886e+01
-3.921791062897905533e+01
-3.899991062897905181e+01
-3.878191062897904828e+01
-3.856391062897904476e+01
-3.834591062897904123e+01
-3.812791062897903771e+01
-3.790991062897903419e+01
-3.769191062897903066e+01
-3.747391062897902714e+01
-3.725591062897902361e+01
-3.703791062897902009e+01
-3.681991062897901656e+01
-3.660191062897901304e+01
-3.638391062897900952e+01
-3.616591062897900599e+01
-3.594791062897900247e+01
-3.572991062897899894e+01
-3.551191062897899542e+01
-3.529391062897899189e+01
-3.507591062897898837e+01
-3.485791062897898485e+01
-3.463991062897898132e+01
-3.442191062897897780e+01
-3.420391062897897427e+01
-3.398591062897897075e+01
-3.376791062897896722e+01
-3.354991062897896370e+01
-3.333191062897896018e+01
-3.311391062897895665e+01
-3.289591062897895313e+01
-3.267791062897894960e+01
-3.245991062897894608e+01
-3.224191062897894255e+01
-3.202391062897893903e+01
-3.180591062897893551e+01
-3.158791062897893198e+01
-3.136991062897892846e+01
-3.115191062897892493e+01
-3.093391062897892141e+01
-3.071591062897891788e+01
-3.049791062897891436e+01
-3.027991062897891084e+01
-3.006191062897890731e+01
-2.984391062897890379e+01
-2.962591062897890026e+01
-2.940791062897889674e+01
-2.918991062897889321e+01
-2.897191062897888969e+01
-2.875391062897888617e+01
-2.853591062897888264e+01
-2.831791062897887912e+01
-2.809991062897887559e+01
-2.788191062897887207e+01
-2.766391062897886854e+01
-2.744591062897886502e+01
-2.722791062897886150e+01
-2.700991062897885797e+01
-2.679191062897885445e+01
-2.657391062897885092e+01
-2.635591062897884740e+01
-2.613791062897884387e+01
-2.591991062897884035e+01
-2.570191062897883683e+01
-2.548391062897883330e+01
-2.526591062897882978e+01
-2.504791062897882625e+01
-2.482991062897882273e+01
-2.461191062897881920e+01
-2.439391062897881568e+01
-2.417591062897881216e+01
-2.395791062897880863e+01
-2.373991062897880511e+01
-2.352191062897880158e+01
-2.330391062897879806e+01
-2.302599999999999980e+01
-2.280799999999999983e+01
-2.259100000000000108e+01
-2.237300000000000111e+01
-2.215599999999999881e+01
-2.193799999999999883e+01
-2.171999999999999886e+01
-2.150300000000000011e+01
-2.128500000000000014e+01
-2.106800000000000139e+01
-2.085000000000000142e+01
-2.063299999999999912e+01
-2.041499999999999915e+01
-2.019699999999999918e+01
-1.998000000000000043e+01
-1.976200000000000045e+01
-1.954500000000000171e+01
-1.932700000000000173e+01
-1.910999999999999943e+01
-1.889199999999999946e+01
-1.867500000000000071e+01
-1.845700000000000074e+01
-1.823900000000000077e+01
-1.802199999999999847e+01
-1.780399999999999849e+01
-1.758699999999999974e+01
-1.736899999999999977e+01
-1.715200000000000102e+01
-1.693400000000000105e+01
-1.671600000000000108e+01
-1.649899999999999878e+01
-1.628099999999999881e+01
-1.606400000000000006e+01
-1.584600000000000009e+01
-1.562899999999999956e+01
-1.541099999999999959e+01
-1.519299999999999962e+01
-1.497600000000000087e+01
-1.475799999999999912e+01
-1.454100000000000037e+01
-1.432300000000000040e+01
-1.410599999999999987e+01
-1.388799999999999990e+01
-1.366999999999999993e+01
-1.345299999999999940e+01
-1.323499999999999943e+01
-1.301800000000000068e+01
-1.280000000000000071e+01
-1.258300000000000018e+01
-1.236500000000000021e+01
-1.214700000000000024e+01
-1.192999999999999972e+01
-1.171199999999999974e+01
-1.149499999999999922e+01
-1.127699999999999925e+01
-1.106000000000000050e+01
-1.084200000000000053e+01
-1.062500000000000000e+01
-1.040700000000000003e+01
-1.018900000000000006e+01
-9.971799999999999997e+00
-9.754300000000000637e+00
-9.536699999999999733e+00
-9.319100000000000605e+00
-9.101599999999999469e+00
-8.884000000000000341e+00
-8.666399999999999437e+00
-8.448900000000000077e+00
-8.231299999999999173e+00
-8.013700000000000045e+00
-7.796199999999999797e+00
-7.578599999999999781e+00
-7.360999999999999766e+00
-7.143500000000000405e+00
-6.925900000000000389e+00
-6.708300000000000374e+00
-6.490800000000000125e+00
-6.273200000000000109e+00
-6.055600000000000094e+00
-5.838099999999999845e+00
-5.620499999999999829e+00
-5.402899999999999814e+00
-5.185299999999999798e+00
-4.967800000000000438e+00
-4.750200000000000422e+00
-4.532600000000000406e+00
-4.315100000000000158e+00
-4.097500000000000142e+00
-3.879900000000000126e+00
-3.662399999999999878e+00
-3.444799999999999862e+00
-3.227199999999999847e+00
-3.009700000000000042e+00
-2.792100000000000026e+00
-2.574500000000000011e+00
-2.357000000000000206e+00
-2.139400000000000190e+00
-1.921799999999999953e+00
-1.704299999999999926e+00
-1.486699999999999910e+00
-1.269099999999999895e+00
-1.051600000000000090e+00
-8.340100000000000291e-01
-6.164399999999999880e-01
-3.988700000000000023e-01
-1.813099999999999989e-01
3.626100000000000156e-02
2.538300000000000001e-01
4.713999999999999857e-01
6.889600000000000168e-01
9.065299999999999470e-01
1.124100000000000099e+00
1.341699999999999893e+00
1.559199999999999919e+00
1.776799999999999935e+00
1.994399999999999951e+00
2.211899999999999977e+00
2.429499999999999993e+00
2.647100000000000009e+00
2.864599999999999813e+00
3.082199999999999829e+00
3.299799999999999844e+00
3.517300000000000093e+00
3.734900000000000109e+00
3.952500000000000124e+00
4.169999999999999929e+00
4.387599999999999945e+00
4.605199999999999960e+00
