5.469976017134045934e+41
6.398150468398221649e+41
6.594919394394297265e+41
6.747172537204491611e+41
6.164079944900013107e+41
6.526040254393683313e+41
5.300961863320209186e+41
7.544667416778030625e+41
8.165561551677664613e+41
7.591817804664481778e+41
5.866206143140921751e+41
7.448251438663903434e+41
7.493477583613171044e+41
7.613448771875020649e+41
7.215535380695700887e+41
7.386830830907712862e+41
6.715099007471868465e+41
7.264522994285157519e+41
7.704112246636129906e+41
7.412972385312714556e+41
7.359579348448992111e+41
6.727088075749799855e+41
5.853889395834432974e+41
5.978412190076705481e+41
6.138366827795451069e+41
6.077185457325694400e+41
5.123254424737936432e+41
6.237647375033252998e+41
5.118226897411986246e+41
5.497758577081266306e+41
5.455171231002252526e+41
5.347380056502587129e+41
5.561291096088125765e+41
5.601849487369122383e+41
4.479502841587177721e+41
4.725686715825731156e+41
4.760733969803125852e+41
4.777253227943945131e+41
4.670034477715140948e+41
4.199277862538121587e+41
4.502057388455673415e+41
4.100572643787636654e+41
4.647198653124239104e+41
4.358868327695609268e+41
4.702195231758770749e+41
4.331931237085542595e+41
4.253320219701325457e+41
4.569358746840710232e+41
4.337596050321886101e+41
4.753714703122998500e+41
4.409248522766688276e+41
4.413395509668423688e+41
4.050450855970606745e+41
3.422866474195687498e+41
3.201416951308910208e+41
3.424095150115912993e+41
3.438367612884197767e+41
3.421957033080405925e+41
3.333650854369085647e+41
3.571181542626254899e+41
3.130250877980039884e+41
2.989881165586352804e+41
3.153981429496530636e+41
3.073878188734514262e+41
3.450860794133431453e+41
3.834162350324777910e+41
3.716069981652858250e+41
3.185703375557043870e+41
3.218326201960034411e+41
2.474885371395594240e+41
2.689982701325426908e+41
2.654775102695291966e+41
2.692187763376657166e+41
2.800099664382732454e+41
2.403115304510123227e+41
2.338107106377875094e+41
1.947371812722791107e+41
2.693562840120940269e+41
2.609247992622399870e+41
2.691166961099507532e+41
2.673199410471381437e+41
2.424896265822559362e+41
1.987482617640309477e+41
2.190924960763415310e+41
1.760806843561498133e+41
1.727988102254083148e+41
1.721065486028817460e+41
1.712478076477343053e+41
1.728186097840390849e+41
2.113735751019142156e+41
1.758635830466191386e+41
1.871687708782332943e+41
1.927939641499510995e+41
2.102417095749158736e+41
1.901764581023144043e+41
1.805767285249430673e+41
1.801415519671306807e+41
1.859540286090216485e+41
1.677937075035364442e+41
1.740288633625193216e+41
1.857039561501446179e+41
1.815659931127268019e+41
1.715312249527213115e+41
1.809791950272318333e+41
1.805218587675790063e+41
1.889801262367906952e+41
1.697689474289289577e+41
1.809911653134728122e+41
1.951850733680027847e+41
1.906111264844485256e+41
1.864508443589122651e+41
1.806926810670698586e+41
1.935370882755509386e+41
1.745093841876526296e+41
1.919408730888546034e+41
1.943558527300239705e+41
1.934834603226472187e+41
2.000399460931212708e+41
1.711446773651679363e+41
1.852081827440440218e+41
1.820846323224765901e+41
1.669253922451156174e+41
1.699397035293586413e+41
1.816189436561561405e+41
2.064134183660165613e+41
2.164704425020358559e+41
2.063090819842206554e+41
1.922420767904557358e+41
1.958724745595142416e+41
1.947670239163430654e+41
1.878716636982631535e+41
1.823541539209543299e+41
1.919378718731569751e+41
1.969183318431383844e+41
2.055655809487356417e+41
1.944344381467801119e+41
1.853596701184616216e+41
1.681206770709908719e+41
1.568383913593096414e+41
1.605748231401243709e+41
1.857466479243367991e+41
1.823305851713976251e+41
1.885624810837139320e+41
2.056259724039427300e+41
1.930330772324650836e+41
