4.681051275314549690e+42
5.182991417111886645e+42
4.839434638976284122e+42
6.278258096393407464e+42
5.985589254401898254e+42
6.689063419585462095e+42
6.550820788428715825e+42
6.793671308323519798e+42
7.205272009135453022e+42
7.718826508782302295e+42
9.168473833886364108e+42
1.152784918787271059e+43
1.640088535670342826e+43
1.477431894368737802e+43
1.248624787271772446e+43
1.176981833698465673e+43
1.111925124677891981e+43
1.452973448516617238e+43
1.679260078284973330e+43
1.942169852889067974e+43
2.053363147545158607e+43
2.106027073070000284e+43
1.931301736429480171e+43
2.062522855721847923e+43
2.073297926884223803e+43
2.105767902394270561e+43
2.303444814062774935e+43
2.501284274041005730e+43
2.852691921722961257e+43
2.722162429832280066e+43
2.879246423459990750e+43
3.063010198795216659e+43
3.089492172795562290e+43
3.331376940241113537e+43
3.643547205366531800e+43
3.476167021335515342e+43
3.366690533821960872e+43
4.053558179228105759e+43
3.978939663432506444e+43
4.132492005452235960e+43
4.202523856725706653e+43
3.538307194215684772e+43
4.354961732112540801e+43
4.623214237111847937e+43
5.073588044618174151e+43
5.218879466759914247e+43
4.893845933637205099e+43
5.075862860880331041e+43
5.093764911169106678e+43
5.341782435341151676e+43
5.307305137521374812e+43
5.428748459610909046e+43
5.547609580997198236e+43
6.049203874998915563e+43
6.287060350967988818e+43
5.918358727664234351e+43
6.200145347094488130e+43
6.537578914239652030e+43
6.250744707104613553e+43
5.673569178245146615e+43
6.218188588584855473e+43
6.401593651615996325e+43
6.822254896245240990e+43
6.191964919601107068e+43
6.153340435313283179e+43
6.485409951841887560e+43
6.344660560457105738e+43
7.076530720208803851e+43
7.299370077986982948e+43
8.250658338140207064e+43
8.249690064064925178e+43
8.199405681987315166e+43
8.189322961693906739e+43
7.637754439671229186e+43
7.589804100995628713e+43
7.629066031566198526e+43
8.192815560982238899e+43
7.887707296520558424e+43
7.961128454240095370e+43
9.128898705989410520e+43
8.504893950516084727e+43
8.390157088207677257e+43
8.595591231416678213e+43
8.928617585934208256e+43
8.966369927094807141e+43
9.739929442031455925e+43
9.075963573375469110e+43
8.966324988072056032e+43
9.365609090079526379e+43
9.101555400403173417e+43
9.083679444625201678e+43
9.543471500867626589e+43
9.886692149954882104e+43
1.011708052164019431e+44
1.093812347181079600e+44
1.053505304321400278e+44
1.053856782805932637e+44
1.128808494209210229e+44
1.137476565823700291e+44
1.197824247877839575e+44
1.106042787328154970e+44
1.287240670737368962e+44
1.183363493206405568e+44
1.309198489639625089e+44
1.194650388230348937e+44
1.181375532808039086e+44
1.289352211500350745e+44
1.262304612809271962e+44
1.299374194098690426e+44
1.260411131537746796e+44
1.283975095920047609e+44
1.316527711947513686e+44
1.375813301051569477e+44
1.491183371661033190e+44
1.318988109866291867e+44
1.281160176866533240e+44
1.261209698943951047e+44
1.247473732320786542e+44
1.083053216170627876e+44
1.337694179285226043e+44
1.454360760971354175e+44
1.297880556897731007e+44
1.360245762978605687e+44
1.417319336348579619e+44
1.387594649506759823e+44
1.289537690365202211e+44
1.306082772522154279e+44
1.376680908096236938e+44
1.430536740985277403e+44
1.563765599395206391e+44
1.458324077321060097e+44
1.537893657469442446e+44
1.351749145032007591e+44
1.431753772916823516e+44
1.429388831572725193e+44
1.375111557136282576e+44
1.448135510216915380e+44
1.541970200358064836e+44
1.448908279054253008e+44
1.531737542145661457e+44
1.389088162083937771e+44
1.497238514247424924e+44
1.491249008744860281e+44
1.488352371021522751e+44
1.535638033022258044e+44
1.514846551653651790e+44
1.527463931194460030e+44
1.348932811578559537e+44
1.554676176100278325e+44
1.581475597947783454e+44
1.623765551202576296e+44
1.608952236571633665e+44
1.591710025031232589e+44
1.666713926799276581e+44
1.898738697621067487e+44
1.624247208373259975e+44
1.702598655088807454e+44
1.699718481270091145e+44
1.663719024280476827e+44
1.668286730199248141e+44
1.602099712949226518e+44
1.698484791542242360e+44
1.542327109439461322e+44
1.561959241450379217e+44
1.667311387624974781e+44
