2.000000000000000284e+02
2.000000000000000284e+02
2.000000000000000284e+02
2.000000000000000284e+02
2.000000000000000284e+02
2.000000000000000284e+02
2.000000000000000284e+02
2.000000000000000284e+02
2.000000000000000284e+02
2.000000000000000284e+02
2.000000000000000284e+02
2.000000000000000284e+02
2.000000000000000284e+02
2.000000000000000284e+02
2.000000000000000284e+02
2.000000000000000284e+02
2.000000000000000284e+02
2.000000000000000284e+02
2.000000000000000284e+02
2.000000000000000284e+02
2.000000000000000284e+02
2.000000000000000284e+02
2.000000000000000284e+02
2.000000000000000284e+02
2.000000000000000284e+02
2.000000000000000284e+02
2.000000000000000284e+02
2.000000000000000284e+02
2.000000000000000284e+02
2.000000000000000284e+02
2.000000000000000284e+02
2.000000000000000284e+02
2.000000000000000284e+02
2.000000000000000284e+02
2.000000000000000284e+02
2.000000000000000284e+02
2.000000000000000284e+02
2.000000000000000284e+02
2.000000000000000284e+02
2.000000000000000284e+02
2.000000000000000284e+02
2.000000000000000284e+02
2.000000000000000284e+02
2.000000000000000284e+02
2.000000000000000284e+02
2.958287213059518876e+02
2.000000000000000284e+02
2.000000000000000284e+02
2.000000000000000284e+02
2.000000000000000284e+02
2.000000000000000284e+02
2.000000000000000284e+02
2.000000000000000284e+02
2.000000000000000284e+02
2.000000000000000284e+02
2.000000000000000284e+02
2.000000000000000284e+02
2.000000000000000284e+02
2.000000000000000284e+02
3.361840057147878724e+02
6.063536006882454785e+02
1.269050204965181138e+03
4.139139203140650352e+03
9.767858947406415609e+03
2.000000000000000284e+02
2.000000000000000284e+02
2.000000000000000284e+02
2.000000000000000284e+02
2.000000000000000284e+02
2.000000000000000284e+02
2.000000000000000284e+02
2.000000000000000284e+02
2.000000000000000284e+02
2.000000000000000284e+02
2.162878202306014828e+02
3.468788932446365720e+02
5.577724869884699501e+02
1.021895331474810177e+03
2.842497591298984844e+03
9.922013033488066867e+03
9.295328369856790232e+03
1.527391483902700429e+03
6.981193626238990646e+02
3.983347500945785669e+02
2.596391763599333444e+02
2.000000000000000284e+02
2.000000000000000284e+02
2.000000000000000284e+02
2.000000000000000284e+02
2.202753397135264777e+02
2.874570149084181026e+02
4.514935020118886655e+02
7.297893513601176210e+02
1.651780873460494377e+03
6.778335512001948700e+03
9.947940876281196324e+03
9.246937704895461138e+03
1.292446632982779875e+03
6.801358400706219527e+02
3.741506815963992949e+02
2.549390756786120278e+02
2.000000000000000284e+02
2.000000000000000284e+02
2.000000000000000284e+02
2.000000000000000284e+02
2.000000000000000284e+02
2.214280748679632609e+02
3.441736899815203401e+02
5.349616526546159321e+02
1.003396540148167446e+03
2.917656282444349927e+03
9.818975674348701432e+03
9.922013033488066867e+03
1.814491402376177120e+03
6.765951124862390316e+02
3.880736653208289226e+02
2.549390756786120278e+02
2.000000000000000284e+02
2.000000000000000284e+02
2.000000000000000284e+02
2.000000000000000284e+02
2.000000000000000284e+02
2.000000000000000284e+02
3.292379049297063034e+02
6.405122033686005807e+02
1.272366440702814089e+03
4.630696629624818343e+03
9.055881140157915070e+03
2.000000000000000284e+02
2.000000000000000284e+02
2.000000000000000284e+02
2.000000000000000284e+02
2.000000000000000284e+02
2.000000000000000284e+02
2.000000000000000284e+02
2.000000000000000284e+02
2.000000000000000284e+02
2.000000000000000284e+02
2.000000000000000284e+02
2.000000000000000284e+02
2.000000000000000284e+02
2.000000000000000284e+02
2.000000000000000284e+02
2.000000000000000284e+02
2.000000000000000284e+02
2.000000000000000284e+02
2.000000000000000284e+02
2.000000000000000284e+02
2.000000000000000284e+02
2.000000000000000284e+02
2.000000000000000284e+02
2.000000000000000284e+02
2.000000000000000284e+02
2.000000000000000284e+02
2.000000000000000284e+02
2.000000000000000284e+02
2.000000000000000284e+02
2.000000000000000284e+02
2.000000000000000284e+02
2.000000000000000284e+02
2.000000000000000284e+02
2.000000000000000284e+02
2.000000000000000284e+02
2.000000000000000284e+02
2.000000000000000284e+02
2.000000000000000284e+02
2.000000000000000284e+02
2.000000000000000284e+02
2.000000000000000284e+02
2.000000000000000284e+02
2.000000000000000284e+02
2.000000000000000284e+02
2.000000000000000284e+02
2.000000000000000284e+02
2.000000000000000284e+02
2.000000000000000284e+02
2.000000000000000284e+02
2.000000000000000284e+02
2.000000000000000284e+02
2.000000000000000284e+02
2.000000000000000284e+02
2.000000000000000284e+02
2.000000000000000284e+02
2.000000000000000284e+02
2.000000000000000284e+02
2.000000000000000284e+02
2.000000000000000284e+02
2.000000000000000284e+02
2.000000000000000284e+02
2.000000000000000284e+02
2.000000000000000284e+02
2.000000000000000284e+02
