2.000000000000000284e+02
2.000000000000000284e+02
2.000000000000000284e+02
2.000000000000000284e+02
2.000000000000000284e+02
2.000000000000000284e+02
2.000000000000000284e+02
2.000000000000000284e+02
2.000000000000000284e+02
2.000000000000000284e+02
2.000000000000000284e+02
2.000000000000000284e+02
2.000000000000000284e+02
2.000000000000000284e+02
2.000000000000000284e+02
2.000000000000000284e+02
2.000000000000000284e+02
2.000000000000000284e+02
2.000000000000000284e+02
2.000000000000000284e+02
2.000000000000000284e+02
2.000000000000000284e+02
2.000000000000000284e+02
2.000000000000000284e+02
2.000000000000000284e+02
2.000000000000000284e+02
2.000000000000000284e+02
2.000000000000000284e+02
2.000000000000000284e+02
2.000000000000000284e+02
2.000000000000000284e+02
2.000000000000000284e+02
2.000000000000000284e+02
2.000000000000000284e+02
2.000000000000000284e+02
2.000000000000000284e+02
2.000000000000000284e+02
2.000000000000000284e+02
2.000000000000000284e+02
2.000000000000000284e+02
2.000000000000000284e+02
2.000000000000000284e+02
2.000000000000000284e+02
2.000000000000000284e+02
2.000000000000000284e+02
3.078825563573309978e+02
2.000000000000000284e+02
2.000000000000000284e+02
2.000000000000000284e+02
2.000000000000000284e+02
2.000000000000000284e+02
2.000000000000000284e+02
2.000000000000000284e+02
2.000000000000000284e+02
2.000000000000000284e+02
2.000000000000000284e+02
2.000000000000000284e+02
2.000000000000000284e+02
2.000000000000000284e+02
3.637242667446342921e+02
6.298312535818087099e+02
1.275866577608695707e+03
3.607120914935555447e+03
6.185211588077751003e+03
2.000000000000000284e+02
2.000000000000000284e+02
2.000000000000000284e+02
2.000000000000000284e+02
2.000000000000000284e+02
2.000000000000000284e+02
2.000000000000000284e+02
2.000000000000000284e+02
2.000000000000000284e+02
2.000000000000000284e+02
2.249711549533997470e+02
3.637242667446342921e+02
5.490491516651799202e+02
1.048682105006357915e+03
2.635739315311467180e+03
6.957470973005016276e+03
8.977620187812333825e+03
1.583006889459044714e+03
7.513970242785784421e+02
4.425207917530883606e+02
2.989584776227607108e+02
2.227761876933844860e+02
2.000000000000000284e+02
2.000000000000000284e+02
2.409535500012904095e+02
2.657749414005423318e+02
2.931532632579326219e+02
4.425207917530883606e+02
6.745757094225486981e+02
1.630260535621660438e+03
4.564091947824285853e+03
9.805818707300448295e+03
6.957470973005016276e+03
1.313951912682397960e+03
6.947121738278555085e+02
4.172393494956118047e+02
2.874607752960808966e+02
2.227761876933844860e+02
2.039605319758764210e+02
2.079994930194127107e+02
2.000000000000000284e+02
2.000000000000000284e+02
2.294261822176136434e+02
3.745816407181494583e+02
5.383876442625862637e+02
1.008350635651293601e+03
2.485158161730351367e+03
9.066074804928861340e+03
8.977620187812333825e+03
1.522125719134616929e+03
7.368062997280774198e+02
4.339278658141840310e+02
2.818788248013401017e+02
2.079994930194127107e+02
2.000000000000000284e+02
2.000000000000000284e+02
2.000000000000000284e+02
2.000000000000000284e+02
2.000000000000000284e+02
3.934022491414525575e+02
6.812221630310547198e+02
1.379970563218057578e+03
2.460911316386613180e+03
8.139177619294620854e+03
2.000000000000000284e+02
2.000000000000000284e+02
2.000000000000000284e+02
2.000000000000000284e+02
2.000000000000000284e+02
2.000000000000000284e+02
2.000000000000000284e+02
2.000000000000000284e+02
2.000000000000000284e+02
2.000000000000000284e+02
2.000000000000000284e+02
2.000000000000000284e+02
2.000000000000000284e+02
3.139794499036698312e+02
2.000000000000000284e+02
2.000000000000000284e+02
2.000000000000000284e+02
2.000000000000000284e+02
2.000000000000000284e+02
2.000000000000000284e+02
2.000000000000000284e+02
2.000000000000000284e+02
2.000000000000000284e+02
2.000000000000000284e+02
2.000000000000000284e+02
2.000000000000000284e+02
2.000000000000000284e+02
2.000000000000000284e+02
2.000000000000000284e+02
2.000000000000000284e+02
2.000000000000000284e+02
2.000000000000000284e+02
2.000000000000000284e+02
2.000000000000000284e+02
2.000000000000000284e+02
2.000000000000000284e+02
2.000000000000000284e+02
2.000000000000000284e+02
2.000000000000000284e+02
2.000000000000000284e+02
2.000000000000000284e+02
2.000000000000000284e+02
2.000000000000000284e+02
2.000000000000000284e+02
2.000000000000000284e+02
2.000000000000000284e+02
2.000000000000000284e+02
2.000000000000000284e+02
2.000000000000000284e+02
2.000000000000000284e+02
2.000000000000000284e+02
2.000000000000000284e+02
2.000000000000000284e+02
2.000000000000000284e+02
2.000000000000000284e+02
2.000000000000000284e+02
2.000000000000000284e+02
2.000000000000000284e+02
2.000000000000000284e+02
2.000000000000000284e+02
2.000000000000000284e+02
2.000000000000000284e+02
2.000000000000000284e+02
2.000000000000000284e+02
