2.000000000000000284e+02
2.000000000000000284e+02
2.000000000000000284e+02
2.000000000000000284e+02
2.000000000000000284e+02
2.000000000000000284e+02
2.000000000000000284e+02
2.000000000000000284e+02
2.000000000000000284e+02
2.000000000000000284e+02
2.000000000000000284e+02
2.000000000000000284e+02
2.000000000000000284e+02
2.000000000000000284e+02
2.000000000000000284e+02
2.000000000000000284e+02
2.000000000000000284e+02
2.000000000000000284e+02
2.000000000000000284e+02
2.000000000000000284e+02
2.000000000000000284e+02
2.000000000000000284e+02
2.000000000000000284e+02
2.000000000000000284e+02
2.000000000000000284e+02
2.000000000000000284e+02
2.000000000000000284e+02
2.000000000000000284e+02
2.000000000000000284e+02
2.000000000000000284e+02
2.000000000000000284e+02
2.000000000000000284e+02
2.000000000000000284e+02
2.000000000000000284e+02
2.000000000000000284e+02
2.000000000000000284e+02
2.000000000000000284e+02
2.000000000000000284e+02
2.000000000000000284e+02
2.000000000000000284e+02
2.000000000000000284e+02
2.000000000000000284e+02
2.000000000000000284e+02
2.000000000000000284e+02
2.000000000000000284e+02
2.000000000000000284e+02
2.000000000000000284e+02
3.845234295759055840e+03
2.000000000000000284e+02
2.000000000000000284e+02
2.000000000000000284e+02
2.000000000000000284e+02
2.000000000000000284e+02
2.000000000000000284e+02
2.000000000000000284e+02
2.000000000000000284e+02
2.000000000000000284e+02
2.000000000000000284e+02
2.000000000000000284e+02
3.106074846508162750e+02
5.713374143311937132e+02
1.207541125777343723e+03
4.536513835015081895e+03
9.777514745713047887e+03
2.000000000000000284e+02
2.000000000000000284e+02
2.000000000000000284e+02
2.000000000000000284e+02
2.000000000000000284e+02
2.000000000000000284e+02
2.000000000000000284e+02
2.000000000000000284e+02
2.000000000000000284e+02
2.000000000000000284e+02
2.073716570699943702e+02
3.170543671609938770e+02
5.278128013651647734e+02
9.483405009843138487e+02
2.825500981300820058e+03
9.980454120718795821e+03
9.970695512301081180e+03
1.768450584115369566e+03
6.900625626515018212e+02
3.916526430231036784e+02
2.584284712769656380e+02
2.000000000000000284e+02
2.000000000000000284e+02
2.000000000000000284e+02
2.000000000000000284e+02
2.000000000000000284e+02
2.732478385018102358e+02
4.235346620324409628e+02
6.954841811286514712e+02
1.515189081451698939e+03
6.794926419969025119e+03
9.980454120718795821e+03
9.256289979303386644e+03
1.405249635111911630e+03
6.100388992732129054e+02
3.448821592905216562e+02
2.422703928112836991e+02
2.000000000000000284e+02
2.000000000000000284e+02
2.000000000000000284e+02
2.000000000000000284e+02
2.000000000000000284e+02
2.090009151524613742e+02
3.118252731784617140e+02
5.105462175005515064e+02
9.101660931799859782e+02
2.784342982665103591e+03
9.825456181291008761e+03
9.951206911217783272e+03
1.730797491620990741e+03
7.064555409302275848e+02
3.486133906028105116e+02
2.492418442600745720e+02
2.000000000000000284e+02
2.000000000000000284e+02
2.000000000000000284e+02
2.000000000000000284e+02
2.000000000000000284e+02
2.000000000000000284e+02
3.081861567132188497e+02
5.741388149483032066e+02
1.194616736236293718e+03
4.644282284984014041e+03
9.076950715381739428e+03
2.000000000000000284e+02
2.000000000000000284e+02
2.000000000000000284e+02
2.000000000000000284e+02
2.000000000000000284e+02
2.000000000000000284e+02
2.000000000000000284e+02
2.000000000000000284e+02
2.000000000000000284e+02
2.000000000000000284e+02
2.000000000000000284e+02
2.000000000000000284e+02
2.000000000000000284e+02
2.000000000000000284e+02
2.000000000000000284e+02
2.000000000000000284e+02
2.000000000000000284e+02
2.000000000000000284e+02
2.000000000000000284e+02
2.000000000000000284e+02
2.000000000000000284e+02
2.000000000000000284e+02
2.000000000000000284e+02
2.000000000000000284e+02
2.000000000000000284e+02
2.000000000000000284e+02
2.000000000000000284e+02
2.000000000000000284e+02
2.000000000000000284e+02
2.000000000000000284e+02
2.000000000000000284e+02
2.000000000000000284e+02
2.000000000000000284e+02
2.000000000000000284e+02
2.000000000000000284e+02
2.000000000000000284e+02
2.000000000000000284e+02
2.000000000000000284e+02
2.000000000000000284e+02
2.000000000000000284e+02
2.000000000000000284e+02
2.000000000000000284e+02
2.000000000000000284e+02
2.000000000000000284e+02
2.000000000000000284e+02
2.000000000000000284e+02
2.000000000000000284e+02
2.000000000000000284e+02
2.000000000000000284e+02
2.000000000000000284e+02
2.000000000000000284e+02
2.000000000000000284e+02
2.000000000000000284e+02
2.000000000000000284e+02
2.000000000000000284e+02
2.000000000000000284e+02
2.000000000000000284e+02
2.000000000000000284e+02
2.000000000000000284e+02
2.000000000000000284e+02
2.000000000000000284e+02
2.000000000000000284e+02
2.000000000000000284e+02
2.000000000000000284e+02
