7.750000000000000222e-01
8.000000000000000444e-01
8.000000000000000444e-01
8.000000000000000444e-01
8.249999999999999556e-01
8.249999999999999556e-01
8.249999999999999556e-01
8.499999999999999778e-01
8.499999999999999778e-01
8.750000000000000000e-01
8.750000000000000000e-01
8.750000000000000000e-01
9.000000000000000222e-01
9.000000000000000222e-01
9.000000000000000222e-01
9.250000000000000444e-01
9.250000000000000444e-01
9.499999999999999556e-01
9.499999999999999556e-01
9.499999999999999556e-01
9.749999999999999778e-01
9.749999999999999778e-01
9.749999999999999778e-01
1.000000000000000000e+00
1.000000000000000000e+00
1.000000000000000000e+00
1.024999999999999911e+00
1.024999999999999911e+00
1.050000000000000044e+00
1.050000000000000044e+00
1.050000000000000044e+00
1.074999999999999956e+00
1.074999999999999956e+00
1.074999999999999956e+00
1.100000000000000089e+00
1.100000000000000089e+00
1.125000000000000000e+00
1.125000000000000000e+00
1.125000000000000000e+00
1.149999999999999911e+00
1.149999999999999911e+00
1.149999999999999911e+00
1.175000000000000044e+00
1.175000000000000044e+00
1.199999999999999956e+00
1.199999999999999956e+00
1.199999999999999956e+00
1.225000000000000089e+00
1.225000000000000089e+00
1.225000000000000089e+00
1.250000000000000000e+00
1.250000000000000000e+00
1.250000000000000000e+00
1.274999999999999911e+00
1.274999999999999911e+00
1.300000000000000044e+00
1.300000000000000044e+00
1.300000000000000044e+00
1.324999999999999956e+00
1.324999999999999956e+00
1.324999999999999956e+00
1.350000000000000089e+00
1.350000000000000089e+00
1.375000000000000000e+00
1.375000000000000000e+00
1.375000000000000000e+00
1.399999999999999911e+00
1.399999999999999911e+00
1.399999999999999911e+00
