-9.283177667225553478e+02
-9.225702228244360867e+02
-9.168226789263167120e+02
-9.110751350281974510e+02
-9.053275911300780763e+02
-8.995800472319588152e+02
-8.938325033338394405e+02
-8.880849594357201795e+02
-8.823374155376008048e+02
-8.765898716394815438e+02
-8.708423277413621690e+02
-8.650947838432429080e+02
-8.593472399451235333e+02
-8.535996960470042723e+02
-8.478521521488848975e+02
-8.421046082507656365e+02
-8.363570643526462618e+02
-8.306095204545270008e+02
-8.248619765564076260e+02
-8.191144326582883650e+02
-8.133668887601691040e+02
-8.076193448620497293e+02
-8.018718009639303546e+02
-7.961242570658110935e+02
-7.903767131676918325e+02
-7.846291692695724578e+02
-7.788816253714530831e+02
-7.731340814733338220e+02
-7.673865375752145610e+02
-7.616389936770951863e+02
-7.558914497789759253e+02
-7.501439058808565505e+02
-7.443963619827372895e+02
-7.386488180846179148e+02
-7.329012741864986538e+02
-7.271537302883792790e+02
-7.214061863902600180e+02
-7.156586424921406433e+02
-7.099110985940213823e+02
-7.041635546959021212e+02
-6.984160107977827465e+02
-6.926684668996633718e+02
-6.869209230015441108e+02
-6.811733791034248497e+02
-6.754258352053054750e+02
-6.696782913071861003e+02
-6.639307474090668393e+02
-6.581832035109475783e+02
-6.524356596128282035e+02
-6.466881157147088288e+02
-6.409405718165895678e+02
-6.351930279184703068e+02
-6.294454840203509320e+02
-6.236979401222315573e+02
-6.179503962241124100e+02
-6.122028523259930353e+02
-6.064553084278736605e+02
-6.007077645297543995e+02
-5.949602206316351385e+02
-5.892126767335157638e+02
-5.834651328353963891e+02
-5.777175889372771280e+02
-5.719700450391578670e+02
-5.662225011410384923e+02
-5.604749572429191176e+02
-5.547274133447998565e+02
-5.489798694466805955e+02
-5.432323255485612208e+02
-5.374847816504418461e+02
-5.317372377523225850e+02
-5.259896938542033240e+02
-5.202421499560839493e+02
-5.144946060579645746e+02
-5.087470621598453135e+02
-5.029995182617259957e+02
-4.972519743636067346e+02
-4.915044304654874168e+02
-4.857568865673680989e+02
-4.800093426692487810e+02
-4.742617987711294631e+02
-4.685142548730101453e+02
-4.627667109748908274e+02
-4.570191670767715095e+02
-4.512716231786521917e+02
-4.455240792805328738e+02
-4.397765353824135559e+02
-4.340289914842942380e+02
-4.282814475861749202e+02
-4.225339036880556023e+02
-4.167863597899362844e+02
-4.110388158918169665e+02
-4.052912719936977055e+02
-3.995437280955783308e+02
-3.937961841974590698e+02
-3.880486402993396950e+02
-3.823010964012204340e+02
-3.765535525031010593e+02
-3.708060086049817983e+02
-3.650584647068624236e+02
-3.593109208087431625e+02
-3.535633769106237878e+02
-3.478158330125045268e+02
-3.420682891143851521e+02
-3.363207452162658910e+02
-3.305732013181465163e+02
-3.248256574200272553e+02
-3.190781135219078806e+02
-3.133305696237886195e+02
-3.075830257256693585e+02
-3.018354818275499838e+02
-2.960879379294307228e+02
-2.903403940313113480e+02
-2.845928501331920870e+02
-2.788453062350727123e+02
-2.730977623369534513e+02
-2.673502184388340766e+02
-2.616026745407148155e+02
-2.558551306425954408e+02
-2.501075867444761798e+02
-2.443600428463568051e+02
-2.386124989482375440e+02
-2.328649550501181693e+02
-2.271174111519989083e+02
-2.213698672538795336e+02
-2.156223233557602725e+02
-2.098747794576408978e+02
-2.041272355595216368e+02
-1.983796916614022621e+02
-1.926321477632830010e+02
-1.868846038651637400e+02
-1.811370599670443653e+02
-1.753895160689251043e+02
-1.696419721708057295e+02
-1.638944282726864685e+02
-1.581468843745670938e+02
-1.523993404764478328e+02
-1.466517965783284581e+02
-1.409042526802091970e+02
-1.351567087820898223e+02
-1.294091648839705613e+02
-1.236616209858511866e+02
-1.179140770877319255e+02
-1.121665331896125508e+02
-1.064189892914932898e+02
-1.006714453933739151e+02
-9.492390149525465404e+01
-8.917635759713527932e+01
-8.342881369901601829e+01
-7.768126980089664357e+01
-7.193372590277738254e+01
-6.618618200465812151e+01
-6.043863810653874680e+01
-5.469109420841948577e+01
-4.894355031030011105e+01
-4.319600641218085002e+01
-3.744846251406147530e+01
-3.170091861594221427e+01
-2.595337471782283956e+01
-2.020583081970357853e+01
-1.445828692158420381e+01
-8.710743023464942780e+00
-2.963199125345568063e+00
2.784344772773692966e+00
8.531888670893067683e+00
1.427943256901232871e+01
2.002697646713170343e+01
2.577452036525096446e+01
3.152206426337033918e+01
3.726960816148960021e+01
4.301715205960897492e+01
4.876469595772823595e+01
5.451223985584749698e+01
6.025978375396687170e+01
6.600732765208613273e+01
7.175487155020550745e+01
7.750241544832476848e+01
8.324995934644414319e+01
8.899750324456340422e+01
9.474504714268277894e+01
1.004925910408020400e+02
1.062401349389214147e+02
1.119876788370407894e+02
1.177352227351599367e+02
1.234827666332793115e+02
1.292303105313986862e+02
1.349778544295180609e+02
1.407253983276372082e+02
1.464729422257565830e+02
1.522204861238759577e+02
1.579680300219953324e+02
1.637155739201144797e+02
1.694631178182338545e+02
1.752106617163532292e+02
1.809582056144723765e+02
1.867057495125917512e+02
1.924532934107111259e+02
1.982008373088305007e+02
2.039483812069496480e+02
2.096959251050690227e+02
2.154434690031883122e+02
