-9.283177667225553478e+02
-9.189879399213236866e+02
-9.096581131200919117e+02
-9.003282863188602505e+02
-8.909984595176284756e+02
-8.816686327163968144e+02
-8.723388059151650396e+02
-8.630089791139333784e+02
-8.536791523127016035e+02
-8.443493255114699423e+02
-8.350194987102381674e+02
-8.256896719090065062e+02
-8.163598451077748450e+02
-8.070300183065430701e+02
-7.977001915053114089e+02
-7.883703647040796341e+02
-7.790405379028479729e+02
-7.697107111016161980e+02
-7.603808843003845368e+02
-7.510510574991528756e+02
-7.417212306979211007e+02
-7.323914038966893258e+02
-7.230615770954576647e+02
-7.137317502942260035e+02
-7.044019234929942286e+02
-6.950720966917625674e+02
-6.857422698905307925e+02
-6.764124430892991313e+02
-6.670826162880673564e+02
-6.577527894868356952e+02
-6.484229626856040340e+02
-6.390931358843722592e+02
-6.297633090831404843e+02
-6.204334822819088231e+02
-6.111036554806771619e+02
-6.017738286794453870e+02
-5.924440018782136121e+02
-5.831141750769819510e+02
-5.737843482757502898e+02
-5.644545214745185149e+02
-5.551246946732868537e+02
-5.457948678720551925e+02
-5.364650410708234176e+02
-5.271352142695916427e+02
-5.178053874683599815e+02
-5.084755606671282635e+02
-4.991457338658965455e+02
-4.898159070646648274e+02
-4.804860802634331094e+02
-4.711562534622014482e+02
-4.618264266609697302e+02
-4.524965998597380121e+02
-4.431667730585062941e+02
-4.338369462572745761e+02
-4.245071194560428580e+02
-4.151772926548111400e+02
-4.058474658535794788e+02
-3.965176390523477039e+02
-3.871878122511160427e+02
-3.778579854498842678e+02
-3.685281586486526066e+02
-3.591983318474208318e+02
-3.498685050461891706e+02
-3.405386782449573957e+02
-3.312088514437257345e+02
-3.218790246424940733e+02
-3.125491978412622984e+02
-3.032193710400306372e+02
-2.938895442387988624e+02
-2.845597174375672012e+02
-2.752298906363354263e+02
-2.659000638351037651e+02
-2.565702370338719902e+02
-2.472404102326403290e+02
-2.379105834314085541e+02
-2.285807566301768929e+02
-2.192509298289452317e+02
-2.099211030277134569e+02
-2.005912762264817957e+02
-1.912614494252500208e+02
-1.819316226240183596e+02
-1.726017958227865847e+02
-1.632719690215549235e+02
-1.539421422203231486e+02
-1.446123154190914875e+02
-1.352824886178597126e+02
-1.259526618166280514e+02
-1.166228350153963902e+02
-1.072930082141646153e+02
-9.796318141293295412e+01
-8.863335461170117924e+01
-7.930352781046951804e+01
-6.997370100923774316e+01
-6.064387420800608197e+01
-5.131404740677430709e+01
-4.198422060554264590e+01
-3.265439380431087102e+01
-2.332456700307920983e+01
-1.399474020184754863e+01
-4.664913400615773753e+00
4.664913400615887440e+00
1.399474020184766232e+01
2.332456700307932351e+01
3.265439380431109839e+01
4.198422060554275959e+01
5.131404740677453447e+01
6.064387420800619566e+01
6.997370100923785685e+01
7.930352781046963173e+01
8.863335461170129292e+01
9.796318141293306780e+01
1.072930082141648427e+02
1.166228350153963902e+02
1.259526618166281651e+02
1.352824886178599399e+02
1.446123154190917148e+02
1.539421422203232623e+02
1.632719690215550372e+02
1.726017958227868121e+02
1.819316226240183596e+02
1.912614494252501345e+02
2.005912762264819094e+02
2.099211030277136842e+02
2.192509298289452317e+02
2.285807566301770066e+02
2.379105834314087815e+02
2.472404102326405564e+02
2.565702370338721039e+02
2.659000638351038788e+02
2.752298906363356537e+02
2.845597174375672012e+02
2.938895442387989760e+02
3.032193710400307509e+02
3.125491978412625258e+02
3.218790246424940733e+02
3.312088514437258482e+02
3.405386782449576231e+02
3.498685050461893979e+02
3.591983318474209455e+02
3.685281586486527203e+02
3.778579854498844952e+02
3.871878122511160427e+02
3.965176390523478176e+02
4.058474658535795925e+02
4.151772926548113674e+02
4.245071194560429149e+02
4.338369462572746897e+02
4.431667730585064646e+02
4.524965998597382395e+02
4.618264266609697870e+02
4.711562534622015619e+02
4.804860802634333368e+02
4.898159070646648843e+02
4.991457338658966592e+02
5.084755606671284340e+02
5.178053874683602089e+02
5.271352142695917564e+02
5.364650410708235313e+02
5.457948678720553062e+02
5.551246946732870811e+02
5.644545214745186286e+02
5.737843482757504034e+02
5.831141750769821783e+02
5.924440018782137258e+02
6.017738286794455007e+02
6.111036554806772756e+02
6.204334822819090505e+02
6.297633090831405980e+02
6.390931358843723729e+02
6.484229626856041477e+02
6.577527894868359226e+02
6.670826162880674701e+02
6.764124430892992450e+02
6.857422698905310199e+02
6.950720966917625674e+02
7.044019234929943423e+02
7.137317502942261171e+02
7.230615770954578920e+02
7.323914038966894395e+02
7.417212306979212144e+02
7.510510574991529893e+02
7.603808843003847642e+02
7.697107111016163117e+02
7.790405379028480866e+02
7.883703647040798614e+02
7.977001915053114089e+02
8.070300183065431838e+02
8.163598451077749587e+02
8.256896719090067336e+02
8.350194987102382811e+02
8.443493255114700560e+02
8.536791523127018309e+02
8.630089791139336057e+02
8.723388059151651532e+02
8.816686327163969281e+02
8.909984595176287030e+02
9.003282863188602505e+02
9.096581131200920254e+02
9.189879399213238003e+02
9.283177667225553478e+02
