8.551250501574123711e-44
1.475037722423958975e-43
2.544348668271565669e-43
4.388843788413011683e-43
7.570483573769253181e-43
1.305861504845987250e-42
2.252530176205901164e-42
3.885474972567312320e-42
6.702203558433928554e-42
1.156088582627105116e-41
1.994181166280563478e-41
3.439838939427357306e-41
5.933509015768140932e-41
1.023493537347498928e-40
1.765462929622740130e-40
3.045314154058866073e-40
5.252978208323525331e-40
9.061061900738265741e-40
1.562977029657495841e-39
2.696038523959244789e-39
2.704142842763148492e-39
2.993847185241839124e-38
4.068456050647285509e-37
2.461668843129824761e-36
6.183432565927721856e-36
6.229162047550430975e-36
3.828508616899523425e-36
2.028755120163252944e-36
1.079517355468662716e-36
5.973510465488705307e-37
3.607693458197353703e-37
2.350875494428950405e-37
1.668897364796200089e-37
1.246894269218515458e-37
9.791058127814622583e-38
7.856509299570957402e-38
6.252153454358024418e-38
4.909413685412370328e-38
3.756899944678534331e-38
2.731678779265722483e-38
1.840897588884132928e-38
1.159390210211969775e-38
7.037681833157328283e-39
4.520949219033883415e-39
2.973237686183508641e-39
1.902959865670255559e-39
1.219072764983857784e-39
7.820411918265538608e-40
4.690613281217922971e-40
2.467343575882193310e-40
1.191872031986184059e-40
5.850993678680234373e-41
3.180018370931522025e-41
1.844291772759965670e-41
1.111295687194591842e-41
6.534759802714367523e-42
3.749985849303989432e-42
2.172849412281468930e-42
1.329932591132702049e-42
8.383582238788051125e-43
5.370684355820180867e-43
3.501302459946896367e-43
2.235782893324040297e-43
1.426361568809375991e-43
8.399039600364514875e-44
4.389647320381979351e-44
2.198009822664624667e-44
1.122611867314317716e-44
5.946064677953465063e-45
3.193225795335087960e-45
1.754808093993145742e-45
9.845315294602486914e-46
5.786682159979632415e-46
3.490033767101760112e-46
2.156898105105745129e-46
1.343475122541562231e-46
8.453365146517812797e-47
5.383065061901614762e-47
3.458036945198857957e-47
2.200035197101608392e-47
1.383660773348232423e-47
8.476754956940278525e-48
4.947999293042246938e-48
2.878920212932906167e-48
1.668128986096732755e-48
9.692362059687167274e-49
5.808040404088671922e-49
3.624345814589123302e-49
2.286807610651058928e-49
1.449538079863540518e-49
9.359003914106660854e-50
6.042680456694839672e-50
3.966702490889681075e-50
2.593161880862317754e-50
1.713285064308789773e-50
1.130393441027655463e-50
7.430698306782551809e-51
4.909413685412371032e-51
3.249597926197090471e-51
2.140078130192195572e-51
1.412633915568714694e-51
1.407700800994492718e-51
1.688642392408870089e-52
2.025652842866762090e-53
2.429922083124353292e-54
2.914873272015882594e-55
3.496608492478103664e-56
4.194443397264571614e-57
5.031548556466328910e-58
6.035718801829353504e-59
7.240296112801739683e-60
8.685276687370325449e-61
1.041863895632704788e-61
1.249793663570217631e-62
1.499220971230295647e-63
1.798427681378992666e-64
2.157348507802718798e-65
2.587900882703190972e-66
3.104380657308427914e-67
3.723936774349845312e-68
4.467140673199131294e-69
