4
4.0492
4.1004
4.1492
4.1987
4.2504
4.301
4.3502
4.3997
4.4502
4.4997
4.5502
4.5999
4.6503
4.6998
4.7497
4.8
4.85
4.8998
4.9499
5
5.0492
5.1004
5.1492
5.1987
5.2504
5.301
5.3502
5.3997
5.4502
5.4997
5.5502
5.5999
5.6503
5.6998
5.7497
5.8
5.85
5.8998
5.9499
6
6.0492
6.1004
6.1492
6.1987
6.2504
6.301
6.3502
6.3997
6.4502
6.4997
6.5502
6.5999
6.6503
6.6998
6.7497
6.8
6.85
6.8998
6.9499
7
7.0492
7.1004
7.1492
7.1987
7.2504
7.301
7.3502
7.3997
7.4502
7.4997
7.5502
7.5999
7.6503
7.6998
7.7497
7.8
7.85
7.8998
7.9499
8
