3.162277660168379612e+02
3.792490480843025580e+02
4.548298913928746288e+02
5.454733008544536688e+02
6.541811072132074969e+02
7.845533784409486771e+02
9.409076429082787172e+02
1.128421872635969748e+03
1.353305961791828167e+03
1.623007379273059541e+03
1.946457805954751848e+03
2.334368924471021273e+03
2.799587157176051278e+03
3.357519100114448975e+03
4.026641742064700793e+03
4.829114365540073777e+03
5.791512394024844070e+03
6.945707488207758615e+03
8.329923037291247965e+03
9.990000000000000000e+03
1.000000000000000000e+04
1.119953522384887765e+04
1.260085459088236712e+04
1.409937949358724654e+04
1.580156128997183623e+04
1.779918020395335407e+04
1.999861869632744856e+04
2.239752345178420001e+04
2.510151880995331157e+04
2.819681143470691677e+04
3.160093990447948454e+04
3.549768244672092987e+04
3.980155135426724155e+04
4.469922568418679293e+04
5.009564815133980301e+04
5.619530077001322934e+04
6.309573444801929872e+04
7.079457843841373688e+04
7.939625172698564711e+04
8.910457436461150064e+04
1.000000000000000000e+05
1.119953522384887765e+05
1.260085459088236821e+05
1.409937949358724582e+05
1.580156128997183696e+05
1.779918020395335625e+05
1.999861869632744929e+05
2.239752345178419782e+05
2.510151880995331449e+05
2.819681143470691750e+05
3.160093990447948454e+05
3.549768244672093424e+05
3.980155135426723864e+05
4.469922568418679293e+05
5.009564815133980010e+05
5.619530077001323225e+05
6.309573444801929872e+05
7.079457843841373688e+05
7.939625172698565293e+05
8.910457436461150646e+05
1.000000000000000000e+06
1.119953522384887794e+06
1.260085459088236792e+06
1.409937949358724756e+06
1.580156128997183638e+06
1.779918020395335509e+06
1.999861869632744929e+06
2.239752345178419724e+06
2.510151880995331332e+06
2.819681143470691517e+06
3.160093990447948221e+06
3.549768244672093075e+06
3.980155135426723864e+06
4.469922568418678828e+06
5.009564815133980475e+06
5.619530077001322992e+06
6.309573444801930338e+06
7.079457843841372989e+06
7.939625172698564827e+06
8.910457436461150646e+06
1.000000000000000000e+07
1.119953522384887747e+07
1.260085459088236839e+07
1.409937949358724616e+07
1.580156128997183591e+07
1.779918020395335555e+07
1.999861869632744789e+07
2.239752345178419724e+07
2.510151880995331332e+07
2.819681143470691517e+07
3.160093990447948501e+07
3.549768244672093540e+07
3.980155135426723957e+07
4.469922568418679386e+07
5.009564815133979917e+07
5.619530077001322806e+07
6.309573444801929593e+07
7.079457843841373920e+07
7.939625172698564827e+07
8.910457436461150646e+07
1.000000000000000000e+08
1.001000000000001341e+08
1.834717173192722797e+08
3.362824281326977611e+08
6.163667791588485241e+08
1.129728985722506285e+09
2.070662508650025845e+09
3.795284779726795197e+09
6.956317844677053452e+09
1.275012568612982941e+10
2.336950505165635681e+10
4.283359864863948059e+10
7.850903000030305481e+10
1.438979676246338501e+11
2.637483240643825073e+11
4.834201594023190918e+11
8.860532151078891602e+11
1.624033017103970459e+12
2.976664601710942383e+12
5.455881781812123047e+12
1.000000000000000000e+13
